15 67 43 7.1119 125.4482
15 68 43 7.1010 125.1978
15 68 44 7.1441 125.6985
15 69 43 7.0903 124.9474
15 69 44 7.1331 125.4482
15 70 43 7.0797 124.6970
15 70 44 7.1222 125.1978
15 71 43 7.0693 124.4467
15 71 44 7.1116 124.9474
15 71 45 7.1544 125.1978
15 72 43 7.0591 124.1963
15 72 44 7.1011 124.6970
15 72 45 7.1436 124.9474
15 73 43 7.0490 124.1963
15 73 44 7.0907 124.4467
15 73 45 7.1330 124.6970
15 74 43 7.0391 123.9459
15 74 44 7.0805 124.1963
15 74 45 7.1225 124.4467
15 75 43 7.0293 123.6955
15 75 44 7.0705 123.9459
15 75 45 7.1122 124.1963
15 75 46 7.1545 124.6970
15 76 43 7.0197 123.4452
15 76 44 7.0606 123.6955
15 76 45 7.1021 123.9459
15 76 46 7.1441 124.4467
15 77 43 7.0102 123.1948
15 77 44 7.0509 123.4452
15 77 45 7.0921 123.9459
15 77 46 7.1339 124.1963
15 78 43 7.0009 122.9444
15 78 44 7.0413 123.1948
15 78 45 7.0823 123.6955
15 78 46 7.1238 123.9459
15 79 43 6.9917 122.6940
15 79 44 7.0319 123.1948
15 79 45 7.0726 123.4452
15 79 46 7.1139 123.6955
15 80 44 7.0226 122.9444
15 80 45 7.0631 123.1948
15 80 46 7.1041 123.4452
15 80 47 7.1456 123.6955
15 81 44 7.0134 122.6940
15 81 45 7.0537 122.9444
15 81 46 7.0944 123.1948
15 81 47 7.1357 123.6955
15 82 44 7.0044 122.4437
15 82 45 7.0444 122.6940
15 82 46 7.0849 123.1948
15 82 47 7.1259 123.4452
15 83 44 6.9955 122.1933
15 83 45 7.0353 122.6940
15 83 46 7.0756 122.9444
15 83 47 7.1163 123.1948
15 84 44 6.9867 122.1933
15 84 45 7.0263 122.4437
15 84 46 7.0663 122.6940
15 84 47 7.1069 122.9444
15 85 44 6.9780 121.9429
15 85 45 7.0174 122.1933
15 85 46 7.0572 122.4437
15 85 47 7.0975 122.6940
15 86 44 6.9695 121.6925
15 86 45 7.0086 121.9429
15 86 46 7.0482 122.1933
15 86 47 7.0883 122.6940
15 87 44 6.9610 121.4422
15 87 45 7.0000 121.9429
15 87 46 7.0394 122.1933
15 87 47 7.0793 122.4437
15 88 45 6.9915 121.6925
15 88 46 7.0307 121.9429
15 88 47 7.0703 122.1933
15 88 48 7.1105 122.4437
15 89 45 6.9831 121.4422
15 89 46 7.0221 121.6925
15 89 47 7.0615 121.9429
15 89 48 7.1014 122.1933
15 90 45 6.9748 121.1918
15 90 46 7.0136 121.4422
15 90 47 7.0528 121.6925
15 90 48 7.0925 122.1933
15 91 45 6.9666 121.1918
15 91 46 7.0052 121.4422
15 91 47 7.0442 121.6925
15 91 48 7.0837 121.9429
15 92 45 6.9585 120.9414
15 92 46 6.9969 121.1918
15 92 47 7.0358 121.4422
15 92 48 7.0751 121.6925
15 93 46 6.9888 120.9414
15 93 47 7.0274 121.1918
15 93 48 7.0665 121.4422
15 94 46 6.9807 120.9414
15 94 47 7.0192 121.1918
15 94 48 7.0581 121.4422
15 95 46 6.9728 120.6910
15 95 47 7.0110 120.9414
15 95 48 7.0497 121.1918
15 96 46 6.9649 120.4407
15 96 47 7.0030 120.6910
15 96 48 7.0415 120.9414
15 97 46 6.9572 120.1903
15 97 47 6.9951 120.6910
15 97 48 7.0334 120.9414
15 98 47 6.9873 120.4407
15 98 48 7.0254 120.6910
15 99 47 6.9795 120.1903
15 99 48 7.0175 120.4407
15 100 47 6.9719 120.1903
15 100 48 7.0097 120.4407
15 101 48 7.0020 120.1903
15 102 48 6.9943 119.9399
16 55 39 7.1497 127.2008
16 56 39 7.1376 126.9504
16 56 40 7.1825 127.2008
16 57 39 7.1256 126.7000
16 57 40 7.1702 126.9504
16 58 39 7.1139 126.4497
16 58 40 7.1582 126.7000
16 59 39 7.1024 126.1993
16 59 40 7.1464 126.4497
16 59 41 7.1909 126.9504
16 60 39 7.0911 125.9489
16 60 40 7.1348 126.1993
16 60 41 7.1790 126.7000
16 61 39 7.0800 125.6985
16 61 40 7.1233 125.9489
16 61 41 7.1672 126.1993
16 62 39 7.0691 125.4482
16 62 40 7.1121 125.6985
16 62 41 7.1557 125.9489
16 62 42 7.1999 126.4497
16 63 39 7.0583 125.1978
16 63 40 7.1011 125.4482
16 63 41 7.1444 125.6985
16 63 42 7.1883 126.1993
16 64 39 7.0478 124.9474
16 64 40 7.0902 125.1978
16 64 41 7.1332 125.4482
16 64 42 7.1768 125.9489
16 65 39 7.0374 124.6970
16 65 40 7.0795 124.9474
16 65 41 7.1222 125.1978
16 65 42 7.1655 125.6985
16 66 39 7.0272 124.4467
16 66 40 7.0690 124.6970
16 66 41 7.1114 124.9474
16 66 42 7.1544 125.4482
16 67 39 7.0171 124.1963
16 67 40 7.0587 124.4467
16 67 41 7.1008 124.6970
16 67 42 7.1435 125.1978
16 67 43 7.1868 125.4482
16 68 39 7.0072 123.9459
16 68 40 7.0485 124.1963
16 68 41 7.0903 124.6970
16 68 42 7.1328 124.9474
16 68 43 7.1758 125.1978
16 69 39 6.9974 123.6955
16 69 40 7.0385 123.9459
16 69 41 7.0801 124.4467
16 69 42 7.1222 124.6970
16 69 43 7.1649 124.9474
16 70 39 6.9878 123.4452
16 70 40 7.0286 123.6955
16 70 41 7.0699 124.1963
16 70 42 7.1118 124.4467
16 70 43 7.1542 124.6970
16 71 39 6.9784 123.1948
16 71 40 7.0189 123.6955
16 71 41 7.0600 123.9459
16 71 42 7.1016 124.1963
16 71 43 7.1437 124.4467
16 72 39 6.9690 122.9444
16 72 40 7.0093 123.4452
16 72 41 7.0502 123.6955
16 72 42 7.0915 123.9459
16 72 43 7.1334 124.1963
16 72 44 7.1758 124.6970
16 73 39 6.9598 122.9444
16 73 40 6.9999 123.1948
16 73 41 7.0405 123.4452
16 73 42 7.0816 123.6955
16 73 43 7.1232 124.1963
16 73 44 7.1654 124.4467
16 74 40 6.9907 122.9444
16 74 41 7.0310 123.1948
16 74 42 7.0718 123.4452
16 74 43 7.1132 123.9459
16 74 44 7.1551 124.1963
16 75 40 6.9815 122.6940
16 75 41 7.0216 122.9444
16 75 42 7.0622 123.4452
16 75 43 7.1033 123.6955
16 75 44 7.1449 123.9459
16 76 40 6.9725 122.4437
16 76 41 7.0123 122.6940
16 76 42 7.0527 123.1948
16 76 43 7.0936 123.4452
16 76 44 7.1350 123.6955
16 77 40 6.9636 122.1933
16 77 41 7.0032 122.6940
16 77 42 7.0434 122.9444
16 77 43 7.0840 123.1948
16 77 44 7.1251 123.4452
16 78 40 6.9549 122.1933
16 78 41 6.9943 122.4437
16 78 42 7.0342 122.6940
16 78 43 7.0746 122.9444
16 78 44 7.1154 123.1948
16 79 40 6.9462 121.9429
16 79 41 6.9854 122.1933
16 79 42 7.0251 122.4437
16 79 43 7.0652 122.6940
16 79 44 7.1059 123.1948
16 79 45 7.1471 123.4452
16 80 40 6.9377 121.6925
16 80 41 6.9767 121.9429
16 80 42 7.0161 122.1933
16 80 43 7.0561 122.6940
16 80 44 7.0965 122.9444
16 80 45 7.1374 123.1948
16 81 40 6.9293 121.4422
16 81 41 6.9681 121.9429
16 81 42 7.0073 122.1933
16 81 43 7.0471 122.4437
16 81 44 7.0872 122.6940
16 81 45 7.1279 122.9444
16 82 41 6.9596 121.6925
16 82 42 6.9987 121.9429
16 82 43 7.0381 122.1933
16 82 44 7.0781 122.4437
16 82 45 7.1186 122.6940
16 83 41 6.9513 121.4422
16 83 42 6.9901 121.6925
16 83 43 7.0294 121.9429
16 83 44 7.0691 122.1933
16 83 45 7.1093 122.6940
16 84 41 6.9430 121.1918
16 84 42 6.9816 121.4422
16 84 43 7.0207 121.9429
16 84 44 7.0602 122.1933
16 84 45 7.1002 122.4437
16 85 41 6.9349 121.1918
16 85 42 6.9733 121.4422
16 85 43 7.0122 121.6925
16 85 44 7.0515 121.9429
16 85 45 7.0913 122.1933
16 86 41 6.9268 120.9414
16 86 42 6.9651 121.1918
16 86 43 7.0037 121.4422
16 86 44 7.0428 121.6925
16 86 45 7.0824 121.9429
16 87 41 6.9189 120.6910
16 87 42 6.9570 120.9414
16 87 43 6.9954 121.1918
16 87 44 7.0343 121.4422
16 87 45 7.0737 121.9429
16 87 46 7.1135 122.1933
16 88 42 6.9489 120.6910
16 88 43 6.9872 121.1918
16 88 44 7.0259 121.4422
16 88 45 7.0651 121.6925
16 88 46 7.1047 121.9429
16 89 42 6.9410 120.6910
16 89 43 6.9791 120.9414
16 89 44 7.0176 121.1918
16 89 45 7.0566 121.4422
16 89 46 7.0960 121.6925
16 90 42 6.9332 120.4407
16 90 43 6.9711 120.6910
16 90 44 7.0094 120.9414
16 90 45 7.0482 121.1918
16 90 46 7.0874 121.4422
16 91 42 6.9255 120.1903
16 91 43 6.9632 120.4407
16 91 44 7.0014 120.9414
16 91 45 7.0399 121.1918
16 91 46 7.0789 121.4422
16 92 42 6.9179 120.1903
16 92 43 6.9555 120.4407
16 92 44 6.9934 120.6910
16 92 45 7.0318 120.9414
16 92 46 7.0706 121.1918
16 93 42 6.9104 119.9399
16 93 43 6.9478 120.1903
16 93 44 6.9856 120.4407
16 93 45 7.0237 120.6910
16 93 46 7.0623 120.9414
16 94 43 6.9402 119.9399
16 94 44 6.9778 120.1903
16 94 45 7.0158 120.4407
16 94 46 7.0542 120.9414
16 95 43 6.9327 119.9399
16 95 44 6.9701 120.1903
16 95 45 7.0079 120.4407
16 95 46 7.0462 120.6910
16 96 43 6.9253 119.6895
16 96 44 6.9626 119.9399
16 96 45 7.0002 120.1903
16 96 46 7.0382 120.4407
16 97 43 6.9180 119.4392
16 97 44 6.9551 119.6895
16 97 45 6.9925 119.9399
16 97 46 7.0304 120.1903
16 98 44 6.9477 119.6895
16 98 45 6.9850 119.9399
16 98 46 7.0227 120.1903
16 99 44 6.9404 119.4392
16 99 45 6.9775 119.6895
16 99 46 7.0151 119.9399
16 100 44 6.9332 119.4392
16 100 45 6.9702 119.6895
16 100 46 7.0075 119.9399
16 101 44 6.9261 119.1888
16 101 45 6.9629 119.4392
16 101 46 7.0001 119.6895
16 102 45 6.9557 119.1888
16 102 46 6.9927 119.4392
16 103 45 6.9486 119.1888
16 103 46 6.9855 119.4392
16 104 46 6.9783 119.1888
17 46 35 7.1553 128.2023
17 47 35 7.1424 127.9519
17 47 36 7.1885 128.4527
17 48 35 7.1298 127.7015
17 48 36 7.1754 127.9519
17 49 35 7.1174 127.4512
17 49 36 7.1627 127.7015
17 49 37 7.2086 128.2023
17 50 35 7.1052 126.9504
17 50 36 7.1501 127.4512
17 50 37 7.1957 127.9519
17 51 35 7.0933 126.7000
17 51 36 7.1378 127.2008
17 51 37 7.1830 127.4512
17 52 35 7.0815 126.4497
17 52 36 7.1257 126.9504
17 52 37 7.1706 127.2008
17 52 38 7.2161 127.7015
17 53 35 7.0700 126.1993
17 53 36 7.1138 126.7000
17 53 37 7.1584 126.9504
17 53 38 7.2035 127.4512
17 54 35 7.0587 125.9489
17 54 36 7.1022 126.4497
17 54 37 7.1464 126.7000
17 54 38 7.1912 127.2008
17 55 35 7.0475 125.6985
17 55 36 7.0907 125.9489
17 55 37 7.1346 126.4497
17 55 38 7.1790 126.7000
17 56 35 7.0366 125.4482
17 56 36 7.0795 125.6985
17 56 37 7.1230 126.1993
17 56 38 7.1671 126.4497
17 56 39 7.2119 126.9504
17 57 35 7.0258 125.1978
17 57 36 7.0684 125.4482
17 57 37 7.1116 125.9489
17 57 38 7.1554 126.1993
17 57 39 7.1999 126.7000
17 58 35 7.0153 124.9474
17 58 36 7.0576 125.1978
17 58 37 7.1004 125.6985
17 58 38 7.1439 125.9489
17 58 39 7.1880 126.4497
17 59 35 7.0049 124.6970
17 59 36 7.0469 124.9474
17 59 37 7.0895 125.4482
17 59 38 7.1326 125.6985
17 59 39 7.1764 126.1993
17 60 35 6.9946 124.4467
17 60 36 7.0364 124.6970
17 60 37 7.0787 125.1978
17 60 38 7.1215 125.4482
17 60 39 7.1650 125.9489
17 60 40 7.2091 126.1993
17 61 35 6.9846 124.1963
17 61 36 7.0260 124.4467
17 61 37 7.0680 124.9474
17 61 38 7.1106 125.1978
17 61 39 7.1538 125.6985
17 61 40 7.1975 125.9489
17 62 35 6.9747 123.9459
17 62 36 7.0158 124.1963
17 62 37 7.0576 124.6970
17 62 38 7.0999 124.9474
17 62 39 7.1427 125.4482
17 62 40 7.1862 125.6985
17 63 35 6.9649 123.6955
17 63 36 7.0058 124.1963
17 63 37 7.0473 124.4467
17 63 38 7.0893 124.6970
17 63 39 7.1319 125.1978
17 63 40 7.1750 125.4482
17 64 35 6.9553 123.4452
17 64 36 6.9960 123.9459
17 64 37 7.0372 124.1963
17 64 38 7.0789 124.4467
17 64 39 7.1212 124.9474
17 64 40 7.1641 125.1978
17 65 35 6.9459 123.1948
17 65 36 6.9863 123.6955
17 65 37 7.0272 123.9459
17 65 38 7.0687 124.1963
17 65 39 7.1107 124.6970
17 65 40 7.1533 124.9474
17 66 36 6.9768 123.4452
17 66 37 7.0174 123.6955
17 66 38 7.0586 123.9459
17 66 39 7.1004 124.4467
17 66 40 7.1427 124.6970
17 66 41 7.1855 124.9474
17 67 36 6.9674 123.1948
17 67 37 7.0078 123.4452
17 67 38 7.0487 123.6955
17 67 39 7.0902 124.1963
17 67 40 7.1322 124.4467
17 67 41 7.1748 124.6970
17 68 36 6.9581 122.9444
17 68 37 6.9983 123.1948
17 68 38 7.0390 123.6955
17 68 39 7.0802 123.9459
17 68 40 7.1219 124.1963
17 68 41 7.1642 124.6970
17 69 36 6.9490 122.6940
17 69 37 6.9889 122.9444
17 69 38 7.0294 123.4452
17 69 39 7.0703 123.6955
17 69 40 7.1118 123.9459
17 69 41 7.1538 124.4467
17 70 36 6.9400 122.4437
17 70 37 6.9797 122.9444
17 70 38 7.0199 123.1948
17 70 39 7.0606 123.4452
17 70 40 7.1018 123.6955
17 70 41 7.1436 124.1963
17 71 36 6.9311 122.4437
17 71 37 6.9706 122.6940
17 71 38 7.0106 122.9444
17 71 39 7.0510 123.1948
17 71 40 7.0920 123.6955
17 71 41 7.1335 123.9459
17 72 36 6.9224 122.1933
17 72 37 6.9617 122.4437
17 72 38 7.0014 122.6940
17 72 39 7.0416 122.9444
17 72 40 7.0824 123.4452
17 72 41 7.1236 123.6955
17 72 42 7.1654 123.9459
17 73 36 6.9138 121.9429
17 73 37 6.9529 122.1933
17 73 38 6.9924 122.4437
17 73 39 7.0323 122.9444
17 73 40 7.0728 123.1948
17 73 41 7.1138 123.4452
17 73 42 7.1554 123.6955
17 74 37 6.9442 121.9429
17 74 38 6.9834 122.4437
17 74 39 7.0232 122.6940
17 74 40 7.0635 122.9444
17 74 41 7.1042 123.1948
17 74 42 7.1455 123.4452
17 75 37 6.9356 121.9429
17 75 38 6.9747 122.1933
17 75 39 7.0142 122.4437
17 75 40 7.0542 122.6940
17 75 41 7.0947 122.9444
17 75 42 7.1358 123.4452
17 76 37 6.9272 121.6925
17 76 38 6.9660 121.9429
17 76 39 7.0053 122.1933
17 76 40 7.0451 122.4437
17 76 41 7.0854 122.6940
17 76 42 7.1262 123.1948
17 77 37 6.9188 121.4422
17 77 38 6.9575 121.6925
17 77 39 6.9966 121.9429
17 77 40 7.0361 122.1933
17 77 41 7.0762 122.6940
17 77 42 7.1168 122.9444
17 78 37 6.9106 121.1918
17 78 38 6.9491 121.4422
17 78 39 6.9879 121.9429
17 78 40 7.0273 122.1933
17 78 41 7.0671 122.4437
17 78 42 7.1075 122.6940
17 79 37 6.9025 120.9414
17 79 38 6.9408 121.4422
17 79 39 6.9794 121.6925
17 79 40 7.0186 121.9429
17 79 41 7.0582 122.1933
17 79 42 7.0983 122.4437
17 79 43 7.1388 122.6940
17 80 37 6.8946 120.9414
17 80 38 6.9326 121.1918
17 80 39 6.9711 121.4422
17 80 40 7.0100 121.6925
17 80 41 7.0494 121.9429
17 80 42 7.0892 122.1933
17 80 43 7.1296 122.6940
17 81 38 6.9245 120.9414
17 81 39 6.9628 121.1918
17 81 40 7.0015 121.4422
17 81 41 7.0407 121.9429
17 81 42 7.0803 122.1933
17 81 43 7.1205 122.4437
17 82 38 6.9165 120.6910
17 82 39 6.9546 121.1918
17 82 40 6.9931 121.4422
17 82 41 7.0321 121.6925
17 82 42 7.0716 121.9429
17 82 43 7.1115 122.1933
17 83 38 6.9087 120.6910
17 83 39 6.9466 120.9414
17 83 40 6.9849 121.1918
17 83 41 7.0237 121.4422
17 83 42 7.0629 121.6925
17 83 43 7.1026 121.9429
17 84 38 6.9010 120.4407
17 84 39 6.9386 120.6910
17 84 40 6.9768 120.9414
17 84 41 7.0153 121.1918
17 84 42 7.0543 121.4422
17 84 43 7.0938 121.9429
17 85 38 6.8933 120.1903
17 85 39 6.9308 120.4407
17 85 40 6.9687 120.6910
17 85 41 7.0071 121.1918
17 85 42 7.0459 121.4422
17 85 43 7.0852 121.6925
17 86 38 6.8857 120.1903
17 86 39 6.9231 120.4407
17 86 40 6.9608 120.6910
17 86 41 6.9990 120.9414
17 86 42 7.0376 121.1918
17 86 43 7.0767 121.4422
17 87 39 6.9155 120.1903
17 87 40 6.9530 120.4407
17 87 41 6.9910 120.6910
17 87 42 7.0294 120.9414
17 87 43 7.0683 121.1918
17 88 39 6.9079 119.9399
17 88 40 6.9453 120.1903
17 88 41 6.9831 120.4407
17 88 42 7.0213 120.6910
17 88 43 7.0600 121.1918
17 89 39 6.9005 119.9399
17 89 40 6.9377 120.1903
17 89 41 6.9753 120.4407
17 89 42 7.0133 120.6910
17 89 43 7.0518 120.9414
17 90 39 6.8931 119.6895
17 90 40 6.9302 119.9399
17 90 41 6.9676 120.1903
17 90 42 7.0055 120.4407
17 90 43 7.0437 120.6910
17 90 44 7.0825 120.9414
17 91 39 6.8859 119.4392
17 91 40 6.9227 119.6895
17 91 41 6.9600 119.9399
17 91 42 6.9977 120.1903
17 91 43 7.0358 120.4407
17 91 44 7.0743 120.9414
17 92 40 6.9154 119.6895
17 92 41 6.9525 119.9399
17 92 42 6.9900 120.1903
17 92 43 7.0279 120.4407
17 92 44 7.0663 120.6910
17 93 40 6.9082 119.4392
17 93 41 6.9451 119.6895
17 93 42 6.9824 119.9399
17 93 43 7.0202 120.1903
17 93 44 7.0583 120.4407
17 94 40 6.9010 119.1888
17 94 41 6.9378 119.4392
17 94 42 6.9749 119.6895
17 94 43 7.0125 119.9399
17 94 44 7.0505 120.1903
17 95 40 6.8940 119.1888
17 95 41 6.9306 119.4392
17 95 42 6.9676 119.6895
17 95 43 7.0049 119.9399
17 95 44 7.0427 120.1903
17 96 41 6.9234 119.1888
17 96 42 6.9603 119.4392
17 96 43 6.9975 119.6895
17 96 44 7.0351 119.9399
17 97 41 6.9164 118.9384
17 97 42 6.9530 119.1888
17 97 43 6.9901 119.4392
17 97 44 7.0275 119.6895
17 98 41 6.9094 118.9384
17 98 42 6.9459 119.1888
17 98 43 6.9828 119.4392
17 98 44 7.0201 119.6895
17 99 41 6.9026 118.6880
17 99 42 6.9389 118.9384
17 99 43 6.9756 119.1888
17 99 44 7.0127 119.4392
17 100 42 6.9319 118.9384
17 100 43 6.9685 119.1888
17 100 44 7.0054 119.4392
17 101 42 6.9251 118.6880
17 101 43 6.9615 118.9384
17 101 44 6.9983 119.1888
17 102 43 6.9545 118.6880
17 103 43 6.9477 118.6880
18 39 32 7.1828 129.2038
18 40 31 7.1227 128.4527
18 40 32 7.1691 128.9534
18 40 33 7.2163 129.4542
18 41 31 7.1097 128.2023
18 41 32 7.1557 128.4527
18 41 33 7.2025 128.9534
18 42 31 7.0970 127.7015
18 42 32 7.1426 128.2023
18 42 33 7.1890 128.7031
18 43 31 7.0846 127.4512
18 43 32 7.1298 127.9519
18 43 33 7.1757 128.4527
18 43 34 7.2224 128.7031
18 44 31 7.0723 127.2008
18 44 32 7.1172 127.7015
18 44 33 7.1627 127.9519
18 44 34 7.2090 128.4527
18 45 31 7.0603 126.9504
18 45 32 7.1048 127.4512
18 45 33 7.1500 127.7015
18 45 34 7.1958 128.2023
18 46 31 7.0485 126.7000
18 46 32 7.0927 126.9504
18 46 33 7.1375 127.4512
18 46 34 7.1829 127.9519
18 46 35 7.2291 128.2023
18 47 31 7.0370 126.4497
18 47 32 7.0808 126.7000
18 47 33 7.1252 127.2008
18 47 34 7.1703 127.4512
18 47 35 7.2161 127.9519
18 48 31 7.0256 125.9489
18 48 32 7.0691 126.4497
18 48 33 7.1131 126.9504
18 48 34 7.1579 127.2008
18 48 35 7.2033 127.7015
18 49 31 7.0145 125.6985
18 49 32 7.0576 126.1993
18 49 33 7.1013 126.4497
18 49 34 7.1457 126.9504
18 49 35 7.1908 127.4512
18 50 31 7.0035 125.4482
18 50 32 7.0463 125.9489
18 50 33 7.0897 126.1993
18 50 34 7.1338 126.7000
18 50 35 7.1784 126.9504
18 50 36 7.2238 127.4512
18 51 31 6.9927 125.1978
18 51 32 7.0352 125.6985
18 51 33 7.0783 125.9489
18 51 34 7.1220 126.4497
18 51 35 7.1664 126.7000
18 51 36 7.2114 127.2008
18 52 31 6.9822 124.9474
18 52 32 7.0243 125.4482
18 52 33 7.0671 125.6985
18 52 34 7.1105 126.1993
18 52 35 7.1545 126.4497
18 52 36 7.1992 126.9504
18 53 31 6.9718 124.6970
18 53 32 7.0136 125.1978
18 53 33 7.0561 125.4482
18 53 34 7.0992 125.9489
18 53 35 7.1429 126.1993
18 53 36 7.1872 126.7000
18 54 31 6.9615 124.4467
18 54 32 7.0031 124.9474
18 54 33 7.0453 125.1978
18 54 34 7.0881 125.6985
18 54 35 7.1314 125.9489
18 54 36 7.1754 126.4497
18 54 37 7.2200 126.7000
18 55 32 6.9928 124.6970
18 55 33 7.0347 124.9474
18 55 34 7.0771 125.4482
18 55 35 7.1202 125.6985
18 55 36 7.1638 125.9489
18 55 37 7.2081 126.4497
18 56 32 6.9826 124.4467
18 56 33 7.0242 124.6970
18 56 34 7.0664 125.1978
18 56 35 7.1091 125.4482
18 56 36 7.1525 125.6985
18 56 37 7.1964 126.1993
18 57 32 6.9726 124.1963
18 57 33 7.0139 124.4467
18 57 34 7.0558 124.9474
18 57 35 7.0983 125.1978
18 57 36 7.1413 125.4482
18 57 37 7.1849 125.9489
18 58 32 6.9628 123.9459
18 58 33 7.0038 124.1963
18 58 34 7.0454 124.6970
18 58 35 7.0876 124.9474
18 58 36 7.1303 125.1978
18 58 37 7.1736 125.6985
18 59 32 6.9531 123.6955
18 59 33 6.9939 123.9459
18 59 34 7.0352 124.4467
18 59 35 7.0771 124.6970
18 59 36 7.1195 124.9474
18 59 37 7.1625 125.4482
18 60 32 6.9436 123.4452
18 60 33 6.9841 123.6955
18 60 34 7.0251 124.1963
18 60 35 7.0668 124.4467
18 60 36 7.1089 124.6970
18 60 37 7.1516 125.1978
18 60 38 7.1950 125.4482
18 61 32 6.9342 123.1948
18 61 33 6.9745 123.4452
18 61 34 7.0153 123.9459
18 61 35 7.0566 124.1963
18 61 36 7.0985 124.4467
18 61 37 7.1409 124.9474
18 61 38 7.1839 125.1978
18 62 32 6.9250 122.9444
18 62 33 6.9650 123.1948
18 62 34 7.0055 123.6955
18 62 35 7.0466 123.9459
18 62 36 7.0882 124.1963
18 62 37 7.1303 124.6970
18 62 38 7.1731 124.9474
18 63 32 6.9159 122.6940
18 63 33 6.9556 123.1948
18 63 34 6.9959 123.4452
18 63 35 7.0367 123.6955
18 63 36 7.0781 124.1963
18 63 37 7.1200 124.4467
18 63 38 7.1624 124.6970
18 64 32 6.9069 122.4437
18 64 33 6.9465 122.9444
18 64 34 6.9865 123.1948
18 64 35 7.0270 123.4452
18 64 36 7.0681 123.9459
18 64 37 7.1097 124.1963
18 64 38 7.1519 124.4467
18 65 33 6.9374 122.6940
18 65 34 6.9772 122.9444
18 65 35 7.0175 123.1948
18 65 36 7.0583 123.6955
18 65 37 7.0997 123.9459
18 65 38 7.1416 124.1963
18 66 33 6.9285 122.4437
18 66 34 6.9681 122.6940
18 66 35 7.0081 123.1948
18 66 36 7.0487 123.4452
18 66 37 7.0898 123.6955
18 66 38 7.1314 123.9459
18 66 39 7.1736 124.4467
18 67 33 6.9197 122.1933
18 67 34 6.9590 122.4437
18 67 35 6.9989 122.9444
18 67 36 7.0392 123.1948
18 67 37 7.0800 123.4452
18 67 38 7.1214 123.6955
18 67 39 7.1633 124.1963
18 68 33 6.9111 121.9429
18 68 34 6.9502 122.4437
18 68 35 6.9898 122.6940
18 68 36 7.0298 122.9444
18 68 37 7.0704 123.1948
18 68 38 7.1115 123.6955
18 68 39 7.1532 123.9459
18 69 33 6.9025 121.9429
18 69 34 6.9414 122.1933
18 69 35 6.9808 122.4437
18 69 36 7.0206 122.6940
18 69 37 7.0610 122.9444
18 69 38 7.1018 123.4452
18 69 39 7.1432 123.6955
18 70 33 6.8941 121.6925
18 70 34 6.9328 121.9429
18 70 35 6.9719 122.1933
18 70 36 7.0115 122.4437
18 70 37 7.0517 122.9444
18 70 38 7.0923 123.1948
18 70 39 7.1334 123.4452
18 71 33 6.8858 121.4422
18 71 34 6.9243 121.6925
18 71 35 6.9632 121.9429
18 71 36 7.0026 122.4437
18 71 37 7.0425 122.6940
18 71 38 7.0829 122.9444
18 71 39 7.1237 123.1948
18 72 33 6.8777 121.1918
18 72 34 6.9159 121.4422
18 72 35 6.9546 121.9429
18 72 36 6.9938 122.1933
18 72 37 7.0335 122.4437
18 72 38 7.0736 122.6940
18 72 39 7.1142 122.9444
18 73 34 6.9077 121.4422
18 73 35 6.9462 121.6925
18 73 36 6.9851 121.9429
18 73 37 7.0245 122.1933
18 73 38 7.0644 122.4437
18 73 39 7.1048 122.9444
18 73 40 7.1458 123.1948
18 74 34 6.8995 121.1918
18 74 35 6.9378 121.4422
18 74 36 6.9766 121.6925
18 74 37 7.0158 121.9429
18 74 38 7.0554 122.4437
18 74 39 7.0956 122.6940
18 74 40 7.1363 122.9444
18 75 34 6.8915 120.9414
18 75 35 6.9296 121.1918
18 75 36 6.9681 121.4422
18 75 37 7.0071 121.9429
18 75 38 7.0466 122.1933
18 75 39 7.0865 122.4437
18 75 40 7.1270 122.6940
18 76 34 6.8836 120.6910
18 76 35 6.9215 120.9414
18 76 36 6.9598 121.4422
18 76 37 6.9986 121.6925
18 76 38 7.0378 121.9429
18 76 39 7.0776 122.1933
18 76 40 7.1178 122.4437
18 77 34 6.8758 120.6910
18 77 35 6.9135 120.9414
18 77 36 6.9516 121.1918
18 77 37 6.9902 121.4422
18 77 38 7.0292 121.6925
18 77 39 7.0687 121.9429
18 77 40 7.1087 122.1933
18 78 34 6.8681 120.4407
18 78 35 6.9056 120.6910
18 78 36 6.9435 120.9414
18 78 37 6.9819 121.1918
18 78 38 7.0207 121.4422
18 78 39 7.0600 121.9429
18 78 40 7.0997 122.1933
18 79 35 6.8978 120.4407
18 79 36 6.9355 120.6910
18 79 37 6.9737 120.9414
18 79 38 7.0123 121.4422
18 79 39 7.0514 121.6925
18 79 40 7.0909 121.9429
18 80 35 6.8901 120.4407
18 80 36 6.9276 120.6910
18 80 37 6.9656 120.9414
18 80 38 7.0041 121.1918
18 80 39 7.0429 121.4422
18 80 40 7.0823 121.6925
18 81 35 6.8825 120.1903
18 81 36 6.9199 120.4407
18 81 37 6.9577 120.6910
18 81 38 6.9959 120.9414
18 81 39 7.0346 121.1918
18 81 40 7.0737 121.4422
18 82 35 6.8750 119.9399
18 82 36 6.9122 120.1903
18 82 37 6.9498 120.4407
18 82 38 6.9878 120.6910
18 82 39 7.0263 121.1918
18 82 40 7.0652 121.4422
18 82 41 7.1046 121.6925
18 83 35 6.8676 119.6895
18 83 36 6.9046 120.1903
18 83 37 6.9421 120.4407
18 83 38 6.9799 120.6910
18 83 39 7.0182 120.9414
18 83 40 7.0569 121.1918
18 83 41 7.0961 121.4422
18 84 35 6.8604 119.6895
18 84 36 6.8972 119.9399
18 84 37 6.9344 120.1903
18 84 38 6.9721 120.4407
18 84 39 7.0102 120.6910
18 84 40 7.0487 120.9414
18 84 41 7.0877 121.1918
18 85 36 6.8898 119.6895
18 85 37 6.9269 119.9399
18 85 38 6.9644 120.1903
18 85 39 7.0023 120.4407
18 85 40 7.0406 120.6910
18 85 41 7.0793 121.1918
18 86 36 6.8825 119.6895
18 86 37 6.9194 119.9399
18 86 38 6.9567 120.1903
18 86 39 6.9944 120.4407
18 86 40 7.0326 120.6910
18 86 41 7.0712 120.9414
18 87 36 6.8754 119.4392
18 87 37 6.9121 119.6895
18 87 38 6.9492 119.9399
18 87 39 6.9867 120.1903
18 87 40 7.0247 120.4407
18 87 41 7.0631 120.6910
18 88 36 6.8683 119.1888
18 88 37 6.9048 119.4392
18 88 38 6.9418 119.6895
18 88 39 6.9791 119.9399
18 88 40 7.0169 120.1903
18 88 41 7.0551 120.4407
18 89 37 6.8977 119.4392
18 89 38 6.9344 119.6895
18 89 39 6.9716 119.9399
18 89 40 7.0092 120.1903
18 89 41 7.0472 120.4407
18 90 37 6.8906 119.1888
18 90 38 6.9272 119.4392
18 90 39 6.9642 119.6895
18 90 40 7.0016 119.9399
18 90 41 7.0394 120.1903
18 91 37 6.8836 118.9384
18 91 38 6.9200 119.1888
18 91 39 6.9569 119.4392
18 91 40 6.9941 119.6895
18 91 41 7.0318 119.9399
18 92 37 6.8767 118.9384
18 92 38 6.9130 119.1888
18 92 39 6.9496 119.4392
18 92 40 6.9867 119.6895
18 92 41 7.0242 119.9399
18 93 37 6.8699 118.6880
18 93 38 6.9060 118.9384
18 93 39 6.9425 119.1888
18 93 40 6.9794 119.4392
18 93 41 7.0167 119.6895
18 94 38 6.8991 118.6880
18 94 39 6.9355 118.9384
18 94 40 6.9722 119.1888
18 94 41 7.0093 119.4392
18 95 38 6.8923 118.6880
18 95 39 6.9285 118.9384
18 95 40 6.9651 119.1888
18 95 41 7.0020 119.4392
18 96 38 6.8856 118.4377
18 96 39 6.9216 118.6880
18 96 40 6.9580 118.9384
18 96 41 6.9948 119.1888
18 97 39 6.9148 118.6880
18 97 40 6.9511 118.6880
18 97 41 6.9877 118.9384
18 98 39 6.9081 118.4377
18 98 40 6.9442 118.6880
18 98 41 6.9807 118.9384
18 99 39 6.9015 118.1873
18 99 40 6.9374 118.4377
18 99 41 6.9737 118.6880
18 100 40 6.9307 118.4377
18 100 41 6.9669 118.6880
19 33 28 7.1498 129.4542
19 33 29 7.1974 129.9549
19 34 28 7.1360 129.2038
19 34 29 7.1832 129.7046
19 35 28 7.1225 128.7031
19 35 29 7.1693 129.2038
19 35 30 7.2168 129.7046
19 36 28 7.1093 128.4527
19 36 29 7.1556 128.9534
19 36 30 7.2027 129.4542
19 37 28 7.0964 128.2023
19 37 29 7.1423 128.4527
19 37 30 7.1889 128.9534
19 37 31 7.2364 129.4542
19 38 28 7.0837 127.7015
19 38 29 7.1292 128.2023
19 38 30 7.1754 128.7031
19 38 31 7.2224 129.2038
19 39 28 7.0713 127.4512
19 39 29 7.1164 127.9519
19 39 30 7.1622 128.4527
19 39 31 7.2088 128.7031
19 40 28 7.0591 127.2008
19 40 29 7.1038 127.7015
19 40 30 7.1492 127.9519
19 40 31 7.1954 128.4527
19 41 28 7.0471 126.9504
19 41 29 7.0915 127.2008
19 41 30 7.1365 127.7015
19 41 31 7.1823 128.2023
19 41 32 7.2288 128.4527
19 42 28 7.0354 126.7000
19 42 29 7.0794 126.9504
19 42 30 7.1241 127.4512
19 42 31 7.1694 127.7015
19 42 32 7.2155 128.2023
19 43 28 7.0239 126.1993
19 43 29 7.0675 126.7000
19 43 30 7.1118 127.2008
19 43 31 7.1568 127.4512
19 43 32 7.2025 127.9519
19 44 28 7.0126 125.9489
19 44 29 7.0559 126.4497
19 44 30 7.0999 126.7000
19 44 31 7.1445 127.2008
19 44 32 7.1898 127.7015
19 45 28 7.0015 125.6985
19 45 29 7.0445 126.1993
19 45 30 7.0881 126.4497
19 45 31 7.1324 126.9504
19 45 32 7.1773 127.4512
19 45 33 7.2229 127.7015
19 46 28 6.9906 125.4482
19 46 29 7.0332 125.9489
19 46 30 7.0765 126.1993
19 46 31 7.1205 126.7000
19 46 32 7.1650 126.9504
19 46 33 7.2103 127.4512
19 47 28 6.9799 125.1978
19 47 29 7.0222 125.6985
19 47 30 7.0652 125.9489
19 47 31 7.1088 126.4497
19 47 32 7.1530 126.7000
19 47 33 7.1979 127.2008
19 48 28 6.9694 124.9474
19 48 29 7.0114 125.1978
19 48 30 7.0541 125.6985
19 48 31 7.0973 125.9489
19 48 32 7.1412 126.4497
19 48 33 7.1857 126.9504
19 49 28 6.9590 124.6970
19 49 29 7.0008 124.9474
19 49 30 7.0431 125.4482
19 49 31 7.0860 125.6985
19 49 32 7.1296 126.1993
19 49 33 7.1738 126.4497
19 49 34 7.2186 126.9504
19 50 28 6.9489 124.4467
19 50 29 6.9903 124.6970
19 50 30 7.0324 125.1978
19 50 31 7.0750 125.4482
19 50 32 7.1182 125.9489
19 50 33 7.1621 126.1993
19 50 34 7.2066 126.7000
19 51 28 6.9389 124.1963
19 51 29 6.9800 124.4467
19 51 30 7.0218 124.9474
19 51 31 7.0641 125.1978
19 51 32 7.1070 125.6985
19 51 33 7.1505 125.9489
19 51 34 7.1947 126.4497
19 52 28 6.9290 123.9459
19 52 29 6.9699 124.1963
19 52 30 7.0114 124.6970
19 52 31 7.0534 124.9474
19 52 32 7.0960 125.4482
19 52 33 7.1392 125.6985
19 52 34 7.1831 126.1993
19 53 29 6.9600 123.9459
19 53 30 7.0012 124.4467
19 53 31 7.0429 124.6970
19 53 32 7.0852 125.1978
19 53 33 7.1281 125.4482
19 53 34 7.1716 125.9489
19 54 29 6.9502 123.9459
19 54 30 6.9911 124.1963
19 54 31 7.0326 124.4467
19 54 32 7.0746 124.9474
19 54 33 7.1172 125.1978
19 54 34 7.1604 125.6985
19 54 35 7.2042 125.9489
19 55 29 6.9406 123.6955
19 55 30 6.9812 123.9459
19 55 31 7.0224 124.1963
19 55 32 7.0641 124.6970
19 55 33 7.1065 124.9474
19 55 34 7.1493 125.4482
19 55 35 7.1928 125.6985
19 56 29 6.9311 123.4452
19 56 30 6.9715 123.6955
19 56 31 7.0124 123.9459
19 56 32 7.0539 124.4467
19 56 33 7.0959 124.6970
19 56 34 7.1385 125.1978
19 56 35 7.1817 125.4482
19 57 29 6.9218 123.1948
19 57 30 6.9620 123.4452
19 57 31 7.0026 123.6955
19 57 32 7.0438 124.1963
19 57 33 7.0855 124.4467
19 57 34 7.1278 124.9474
19 57 35 7.1707 125.1978
19 58 29 6.9127 122.9444
19 58 30 6.9525 123.1948
19 58 31 6.9929 123.4452
19 58 32 7.0338 123.9459
19 58 33 7.0753 124.1963
19 58 34 7.1173 124.6970
19 58 35 7.1599 124.9474
19 59 29 6.9036 122.6940
19 59 30 6.9433 122.9444
19 59 31 6.9834 123.4452
19 59 32 7.0241 123.6955
19 59 33 7.0653 123.9459
19 59 34 7.1070 124.4467
19 59 35 7.1493 124.6970
19 60 29 6.8948 122.4437
19 60 30 6.9341 122.6940
19 60 31 6.9740 123.1948
19 60 32 7.0144 123.4452
19 60 33 7.0554 123.6955
19 60 34 7.0968 124.1963
19 60 35 7.1389 124.4467
19 61 29 6.8860 122.1933
19 61 30 6.9251 122.6940
19 61 31 6.9648 122.9444
19 61 32 7.0050 123.1948
19 61 33 7.0456 123.4452
19 61 34 7.0868 123.9459
19 61 35 7.1286 124.1963
19 61 36 7.1709 124.4467
19 62 30 6.9163 122.4437
19 62 31 6.9557 122.6940
19 62 32 6.9956 122.9444
19 62 33 7.0360 123.1948
19 62 34 7.0770 123.6955
19 62 35 7.1185 123.9459
19 62 36 7.1605 124.1963
19 63 30 6.9076 122.1933
19 63 31 6.9468 122.4437
19 63 32 6.9864 122.6940
19 63 33 7.0266 123.1948
19 63 34 7.0673 123.4452
19 63 35 7.1085 123.6955
19 63 36 7.1503 124.1963
19 64 30 6.8990 121.9429
19 64 31 6.9380 122.1933
19 64 32 6.9774 122.4437
19 64 33 7.0173 122.9444
19 64 34 7.0578 123.1948
19 64 35 7.0987 123.4452
19 64 36 7.1402 123.9459
19 65 30 6.8906 121.6925
19 65 31 6.9293 121.9429
19 65 32 6.9685 122.4437
19 65 33 7.0082 122.6940
19 65 34 7.0484 122.9444
19 65 35 7.0891 123.1948
19 65 36 7.1303 123.6955
19 66 30 6.8822 121.4422
19 66 31 6.9207 121.9429
19 66 32 6.9597 122.1933
19 66 33 6.9992 122.4437
19 66 34 7.0392 122.6940
19 66 35 7.0796 123.1948
19 66 36 7.1206 123.4452
19 67 30 6.8740 121.4422
19 67 31 6.9123 121.6925
19 67 32 6.9511 121.9429
19 67 33 6.9903 122.1933
19 67 34 7.0300 122.4437
19 67 35 7.0703 122.9444
19 67 36 7.1110 123.1948
19 68 30 6.8659 121.1918
19 68 31 6.9040 121.4422
19 68 32 6.9426 121.6925
19 68 33 6.9816 121.9429
19 68 34 7.0211 122.4437
19 68 35 7.0611 122.6940
19 68 36 7.1016 122.9444
19 68 37 7.1426 123.1948
19 69 30 6.8579 120.9414
19 69 31 6.8958 121.1918
19 69 32 6.9342 121.4422
19 69 33 6.9730 121.9429
19 69 34 7.0122 122.1933
19 69 35 7.0520 122.4437
19 69 36 7.0923 122.6940
19 69 37 7.1330 122.9444
19 70 31 6.8877 120.9414
19 70 32 6.9259 121.4422
19 70 33 6.9645 121.6925
19 70 34 7.0035 121.9429
19 70 35 7.0431 122.1933
19 70 36 7.0831 122.4437
19 70 37 7.1236 122.9444
19 71 31 6.8798 120.9414
19 71 32 6.9177 121.1918
19 71 33 6.9561 121.4422
19 71 34 6.9950 121.6925
19 71 35 7.0343 121.9429
19 71 36 7.0740 122.4437
19 71 37 7.1143 122.6940
19 72 31 6.8720 120.6910
19 72 32 6.9097 120.9414
19 72 33 6.9479 121.1918
19 72 34 6.9865 121.4422
19 72 35 7.0256 121.9429
19 72 36 7.0652 122.1933
19 72 37 7.1052 122.4437
19 73 31 6.8642 120.4407
19 73 32 6.9017 120.6910
19 73 33 6.9397 120.9414
19 73 34 6.9781 121.4422
19 73 35 7.0170 121.6925
19 73 36 7.0564 121.9429
19 73 37 7.0962 122.1933
19 74 31 6.8566 120.1903
19 74 32 6.8939 120.6910
19 74 33 6.9317 120.9414
19 74 34 6.9699 121.1918
19 74 35 7.0086 121.4422
19 74 36 7.0477 121.6925
19 74 37 7.0873 121.9429
19 75 31 6.8490 120.1903
19 75 32 6.8862 120.4407
19 75 33 6.9238 120.6910
19 75 34 6.9618 120.9414
19 75 35 7.0003 121.1918
19 75 36 7.0392 121.4422
19 75 37 7.0786 121.9429
19 76 32 6.8786 120.1903
19 76 33 6.9160 120.4407
19 76 34 6.9538 120.6910
19 76 35 6.9921 120.9414
19 76 36 7.0308 121.4422
19 76 37 7.0700 121.6925
19 77 32 6.8711 119.9399
19 77 33 6.9083 120.4407
19 77 34 6.9459 120.6910
19 77 35 6.9840 120.9414
19 77 36 7.0225 121.1918
19 77 37 7.0615 121.4422
19 77 38 7.1009 121.6925
19 78 32 6.8637 119.9399
19 78 33 6.9007 120.1903
19 78 34 6.9382 120.4407
19 78 35 6.9760 120.6910
19 78 36 7.0144 120.9414
19 78 37 7.0531 121.1918
19 78 38 7.0923 121.4422
19 79 32 6.8564 119.6895
19 79 33 6.8932 119.9399
19 79 34 6.9305 120.1903
19 79 35 6.9682 120.4407
19 79 36 7.0063 120.6910
19 79 37 7.0448 120.9414
19 79 38 7.0839 121.4422
19 80 32 6.8491 119.4392
19 80 33 6.8858 119.6895
19 80 34 6.9229 119.9399
19 80 35 6.9604 120.4407
19 80 36 6.9983 120.6910
19 80 37 7.0367 120.9414
19 80 38 7.0755 121.1918
19 81 33 6.8785 119.6895
19 81 34 6.9154 119.9399
19 81 35 6.9528 120.1903
19 81 36 6.9905 120.4407
19 81 37 7.0287 120.6910
19 81 38 7.0673 120.9414
19 82 33 6.8713 119.4392
19 82 34 6.9081 119.6895
19 82 35 6.9452 119.9399
19 82 36 6.9828 120.1903
19 82 37 7.0207 120.4407
19 82 38 7.0592 120.6910
19 83 33 6.8642 119.1888
19 83 34 6.9008 119.4392
19 83 35 6.9377 119.6895
19 83 36 6.9751 120.1903
19 83 37 7.0129 120.4407
19 83 38 7.0511 120.6910
19 84 33 6.8572 119.1888
19 84 34 6.8936 119.4392
19 84 35 6.9304 119.6895
19 84 36 6.9676 119.9399
19 84 37 7.0052 120.1903
19 84 38 7.0432 120.4407
19 85 33 6.8503 118.9384
19 85 34 6.8865 119.1888
19 85 35 6.9231 119.4392
19 85 36 6.9601 119.6895
19 85 37 6.9976 119.9399
19 85 38 7.0354 120.1903
19 86 34 6.8795 118.9384
19 86 35 6.9159 119.1888
19 86 36 6.9528 119.6895
19 86 37 6.9900 119.9399
19 86 38 7.0277 120.1903
19 87 34 6.8726 118.9384
19 87 35 6.9089 119.1888
19 87 36 6.9455 119.4392
19 87 37 6.9826 119.6895
19 87 38 7.0201 119.9399
19 88 34 6.8658 118.6880
19 88 35 6.9019 118.9384
19 88 36 6.9384 119.1888
19 88 37 6.9753 119.4392
19 88 38 7.0126 119.6895
19 89 34 6.8590 118.6880
19 89 35 6.8950 118.9384
19 89 36 6.9313 119.1888
19 89 37 6.9680 119.4392
19 89 38 7.0052 119.6895
19 90 35 6.8882 118.6880
19 90 36 6.9243 118.9384
19 90 37 6.9609 119.1888
19 90 38 6.9979 119.4392
19 91 35 6.8814 118.4377
19 91 36 6.9174 118.6880
19 91 37 6.9539 118.9384
19 91 38 6.9907 119.1888
19 92 35 6.8748 118.4377
19 92 36 6.9106 118.6880
19 92 37 6.9469 118.9384
19 92 38 6.9835 119.1888
19 93 35 6.8682 118.1873
19 93 36 6.9039 118.4377
19 93 37 6.9400 118.6880
19 93 38 6.9765 118.9384
19 94 36 6.8972 118.1873
19 94 37 6.9332 118.4377
19 94 38 6.9695 118.6880
19 95 36 6.8907 118.1873
19 95 37 6.9265 118.4377
19 95 38 6.9626 118.6880
19 96 37 6.9198 118.1873
19 96 38 6.9559 118.4377
19 97 37 6.9133 118.1873
19 97 38 6.9491 118.4377
20 28 25 7.1497 129.9549
20 28 26 7.1977 130.4557
20 29 25 7.1356 129.4542
20 29 26 7.1832 129.9549
20 30 25 7.1219 129.2038
20 30 26 7.1690 129.7046
20 30 27 7.2169 130.2053
20 31 25 7.1084 128.7031
20 31 26 7.1551 129.2038
20 31 27 7.2025 129.7046
20 32 25 7.0952 128.4527
20 32 26 7.1415 128.9534
20 32 27 7.1884 129.4542
20 32 28 7.2362 129.9549
20 33 25 7.0823 128.2023
20 33 26 7.1281 128.4527
20 33 27 7.1747 128.9534
20 33 28 7.2220 129.4542
20 34 25 7.0697 127.7015
20 34 26 7.1151 128.2023
20 34 27 7.1612 128.7031
20 34 28 7.2081 129.2038
20 35 25 7.0573 127.4512
20 35 26 7.1023 127.9519
20 35 27 7.1480 128.4527
20 35 28 7.1945 128.7031
20 36 25 7.0452 127.2008
20 36 26 7.0898 127.4512
20 36 27 7.1351 127.9519
20 36 28 7.1811 128.4527
20 36 29 7.2279 128.9534
20 37 25 7.0332 126.9504
20 37 26 7.0775 127.2008
20 37 27 7.1224 127.7015
20 37 28 7.1681 128.2023
20 37 29 7.2144 128.4527
20 38 25 7.0216 126.4497
20 38 26 7.0655 126.9504
20 38 27 7.1100 127.4512
20 38 28 7.1552 127.7015
20 38 29 7.2012 128.2023
20 39 25 7.0101 126.1993
20 39 26 7.0536 126.7000
20 39 27 7.0978 126.9504
20 39 28 7.1427 127.4512
20 39 29 7.1883 127.9519
20 40 25 6.9989 125.9489
20 40 26 7.0420 126.4497
20 40 27 7.0859 126.7000
20 40 28 7.1304 127.2008
20 40 29 7.1756 127.7015
20 40 30 7.2215 127.9519
20 41 25 6.9878 125.6985
20 41 26 7.0307 126.1993
20 41 27 7.0742 126.4497
20 41 28 7.1183 126.9504
20 41 29 7.1631 127.2008
20 41 30 7.2086 127.7015
20 42 25 6.9770 125.4482
20 42 26 7.0195 125.6985
20 42 27 7.0627 126.1993
20 42 28 7.1064 126.7000
20 42 29 7.1509 126.9504
20 42 30 7.1960 127.4512
20 43 25 6.9663 125.1978
20 43 26 7.0085 125.4482
20 43 27 7.0514 125.9489
20 43 28 7.0948 126.1993
20 43 29 7.1389 126.7000
20 43 30 7.1837 127.2008
20 44 25 6.9559 124.9474
20 44 26 6.9978 125.1978
20 44 27 7.0403 125.6985
20 44 28 7.0834 125.9489
20 44 29 7.1272 126.4497
20 44 30 7.1716 126.7000
20 44 31 7.2167 127.2008
20 45 25 6.9456 124.6970
20 45 26 6.9872 124.9474
20 45 27 7.0294 125.4482
20 45 28 7.0722 125.6985
20 45 29 7.1156 126.1993
20 45 30 7.1597 126.4497
20 45 31 7.2044 126.9504
20 46 25 6.9355 124.4467
20 46 26 6.9768 124.6970
20 46 27 7.0187 125.1978
20 46 28 7.0612 125.4482
20 46 29 7.1043 125.9489
20 46 30 7.1480 126.1993
20 46 31 7.1924 126.7000
20 47 25 6.9256 124.1963
20 47 26 6.9666 124.4467
20 47 27 7.0082 124.9474
20 47 28 7.0504 125.1978
20 47 29 7.0932 125.6985
20 47 30 7.1366 125.9489
20 47 31 7.1806 126.4497
20 48 25 6.9158 123.9459
20 48 26 6.9566 124.1963
20 48 27 6.9979 124.6970
20 48 28 7.0398 124.9474
20 48 29 7.0822 125.1978
20 48 30 7.1253 125.6985
20 48 31 7.1690 125.9489
20 49 25 6.9062 123.6955
20 49 26 6.9467 123.9459
20 49 27 6.9877 124.4467
20 49 28 7.0293 124.6970
20 49 29 7.0715 124.9474
20 49 30 7.1143 125.4482
20 49 31 7.1576 125.6985
20 50 26 6.9370 123.6955
20 50 27 6.9777 124.1963
20 50 28 7.0190 124.4467
20 50 29 7.0609 124.6970
20 50 30 7.1034 125.1978
20 50 31 7.1464 125.4482
20 50 32 7.1901 125.9489
20 51 26 6.9274 123.4452
20 51 27 6.9679 123.9459
20 51 28 7.0090 124.1963
20 51 29 7.0505 124.4467
20 51 30 7.0927 124.9474
20 51 31 7.1355 125.1978
20 51 32 7.1788 125.6985
20 52 26 6.9180 123.1948
20 52 27 6.9583 123.6955
20 52 28 6.9990 123.9459
20 52 29 7.0403 124.1963
20 52 30 7.0822 124.6970
20 52 31 7.1247 124.9474
20 52 32 7.1677 125.4482
20 53 26 6.9088 122.9444
20 53 27 6.9488 123.4452
20 53 28 6.9893 123.6955
20 53 29 7.0303 123.9459
20 53 30 7.0719 124.4467
20 53 31 7.1140 124.6970
20 53 32 7.1568 125.1978
20 54 26 6.8997 122.6940
20 54 27 6.9394 123.1948
20 54 28 6.9797 123.4452
20 54 29 7.0204 123.9459
20 54 30 7.0617 124.1963
20 54 31 7.1036 124.4467
20 54 32 7.1461 124.9474
20 55 26 6.8907 122.6940
20 55 27 6.9302 122.9444
20 55 28 6.9702 123.1948
20 55 29 7.0107 123.6955
20 55 30 7.0518 123.9459
20 55 31 7.0933 124.1963
20 55 32 7.1355 124.6970
20 56 26 6.8819 122.4437
20 56 27 6.9212 122.6940
20 56 28 6.9609 122.9444
20 56 29 7.0011 123.4452
20 56 30 7.0419 123.6955
20 56 31 7.0833 123.9459
20 56 32 7.1251 124.4467
20 56 33 7.1676 124.6970
20 57 26 6.8732 122.1933
20 57 27 6.9122 122.4437
20 57 28 6.9517 122.6940
20 57 29 6.9917 123.1948
20 57 30 7.0323 123.4452
20 57 31 7.0733 123.6955
20 57 32 7.1149 124.1963
20 57 33 7.1571 124.4467
20 58 27 6.9035 122.1933
20 58 28 6.9427 122.6940
20 58 29 6.9825 122.9444
20 58 30 7.0228 123.1948
20 58 31 7.0635 123.4452
20 58 32 7.1049 123.9459
20 58 33 7.1468 124.1963
20 59 27 6.8948 121.9429
20 59 28 6.9338 122.4437
20 59 29 6.9734 122.6940
20 59 30 7.0134 122.9444
20 59 31 7.0539 123.4452
20 59 32 7.0950 123.6955
20 59 33 7.1366 123.9459
20 60 27 6.8863 121.9429
20 60 28 6.9251 122.1933
20 60 29 6.9644 122.4437
20 60 30 7.0042 122.6940
20 60 31 7.0445 123.1948
20 60 32 7.0853 123.4452
20 60 33 7.1266 123.6955
20 61 27 6.8779 121.6925
20 61 28 6.9165 121.9429
20 61 29 6.9556 122.1933
20 61 30 6.9951 122.6940
20 61 31 7.0352 122.9444
20 61 32 7.0757 123.1948
20 61 33 7.1168 123.4452
20 62 27 6.8697 121.4422
20 62 28 6.9080 121.6925
20 62 29 6.9468 121.9429
20 62 30 6.9862 122.4437
20 62 31 7.0260 122.6940
20 62 32 7.0663 122.9444
20 62 33 7.1071 123.1948
20 63 27 6.8615 121.1918
20 63 28 6.8997 121.4422
20 63 29 6.9383 121.9429
20 63 30 6.9774 122.1933
20 63 31 7.0170 122.4437
20 63 32 7.0570 122.6940
20 63 33 7.0976 123.1948
20 63 34 7.1387 123.4452
20 64 27 6.8535 120.9414
20 64 28 6.8914 121.4422
20 64 29 6.9298 121.6925
20 64 30 6.9687 121.9429
20 64 31 7.0080 122.1933
20 64 32 7.0479 122.4437
20 64 33 7.0882 122.9444
20 64 34 7.1291 123.1948
20 65 27 6.8456 120.9414
20 65 28 6.8833 121.1918
20 65 29 6.9215 121.4422
20 65 30 6.9602 121.6925
20 65 31 6.9993 121.9429
20 65 32 7.0389 122.4437
20 65 33 7.0790 122.6940
20 65 34 7.1196 122.9444
20 66 28 6.8753 120.9414
20 66 29 6.9133 121.1918
20 66 30 6.9517 121.4422
20 66 31 6.9906 121.9429
20 66 32 7.0300 122.1933
20 66 33 7.0699 122.4437
20 66 34 7.1103 122.6940
20 67 28 6.8674 120.6910
20 67 29 6.9052 120.9414
20 67 30 6.9434 121.4422
20 67 31 6.9821 121.6925
20 67 32 7.0213 121.9429
20 67 33 7.0609 122.1933
20 67 34 7.1011 122.4437
20 68 28 6.8596 120.4407
20 68 29 6.8972 120.9414
20 68 30 6.9353 121.1918
20 68 31 6.9737 121.4422
20 68 32 7.0127 121.6925
20 68 33 7.0521 121.9429
20 68 34 7.0920 122.4437
20 69 28 6.8520 120.4407
20 69 29 6.8894 120.6910
20 69 30 6.9272 120.9414
20 69 31 6.9655 121.1918
20 69 32 7.0042 121.4422
20 69 33 7.0434 121.9429
20 69 34 7.0831 122.1933
20 70 28 6.8444 120.1903
20 70 29 6.8816 120.4407
20 70 30 6.9193 120.6910
20 70 31 6.9573 120.9414
20 70 32 6.9958 121.4422
20 70 33 7.0348 121.6925
20 70 34 7.0743 121.9429
20 71 28 6.8370 119.9399
20 71 29 6.8740 120.1903
20 71 30 6.9114 120.6910
20 71 31 6.9493 120.9414
20 71 32 6.9876 121.1918
20 71 33 7.0264 121.4422
20 71 34 7.0656 121.6925
20 72 29 6.8664 120.1903
20 72 30 6.9037 120.4407
20 72 31 6.9414 120.6910
20 72 32 6.9795 120.9414
20 72 33 7.0180 121.1918
20 72 34 7.0571 121.4422
20 72 35 7.0965 121.9429
20 73 29 6.8590 119.9399
20 73 30 6.8961 120.1903
20 73 31 6.9335 120.4407
20 73 32 6.9715 120.6910
20 73 33 7.0098 120.9414
20 73 34 7.0486 121.4422
20 73 35 7.0879 121.6925
20 74 29 6.8517 119.6895
20 74 30 6.8885 119.9399
20 74 31 6.9258 120.1903
20 74 32 6.9635 120.6910
20 74 33 7.0017 120.9414
20 74 34 7.0403 121.1918
20 74 35 7.0794 121.4422
20 75 29 6.8444 119.6895
20 75 30 6.8811 119.9399
20 75 31 6.9182 120.1903
20 75 32 6.9558 120.4407
20 75 33 6.9937 120.6910
20 75 34 7.0321 120.9414
20 75 35 7.0710 121.1918
20 76 29 6.8373 119.4392
20 76 30 6.8738 119.6895
20 76 31 6.9107 119.9399
20 76 32 6.9481 120.1903
20 76 33 6.9859 120.4407
20 76 34 7.0241 120.6910
20 76 35 7.0627 120.9414
20 77 30 6.8666 119.4392
20 77 31 6.9033 119.6895
20 77 32 6.9405 119.9399
20 77 33 6.9781 120.4407
20 77 34 7.0161 120.6910
20 77 35 7.0546 120.9414
20 78 30 6.8594 119.4392
20 78 31 6.8960 119.6895
20 78 32 6.9330 119.9399
20 78 33 6.9704 120.1903
20 78 34 7.0082 120.4407
20 78 35 7.0465 120.6910
20 79 30 6.8524 119.1888
20 79 31 6.8888 119.4392
20 79 32 6.9256 119.6895
20 79 33 6.9628 119.9399
20 79 34 7.0005 120.1903
20 79 35 7.0386 120.4407
20 80 30 6.8455 118.9384
20 80 31 6.8817 119.1888
20 80 32 6.9183 119.4392
20 80 33 6.9554 119.6895
20 80 34 6.9928 119.9399
20 80 35 7.0307 120.4407
20 81 30 6.8386 118.9384
20 81 31 6.8747 119.1888
20 81 32 6.9111 119.4392
20 81 33 6.9480 119.6895
20 81 34 6.9853 119.9399
20 81 35 7.0230 120.1903
20 82 31 6.8678 118.9384
20 82 32 6.9041 119.1888
20 82 33 6.9407 119.4392
20 82 34 6.9778 119.6895
20 82 35 7.0154 119.9399
20 83 31 6.8609 118.6880
20 83 32 6.8970 118.9384
20 83 33 6.9336 119.1888
20 83 34 6.9705 119.4392
20 83 35 7.0078 119.6895
20 84 31 6.8541 118.6880
20 84 32 6.8901 118.9384
20 84 33 6.9265 119.1888
20 84 34 6.9632 119.4392
20 84 35 7.0004 119.6895
20 85 31 6.8475 118.4377
20 85 32 6.8833 118.6880
20 85 33 6.9195 118.9384
20 85 34 6.9561 119.1888
20 85 35 6.9931 119.4392
20 86 32 6.8765 118.4377
20 86 33 6.9126 118.6880
20 86 34 6.9490 118.9384
20 86 35 6.9858 119.1888
20 87 32 6.8699 118.4377
20 87 33 6.9057 118.6880
20 87 34 6.9420 118.9384
20 87 35 6.9787 119.1888
20 88 32 6.8633 118.1873
20 88 33 6.8990 118.4377
20 88 34 6.9351 118.6880
20 88 35 6.9716 118.9384
20 89 33 6.8923 118.4377
20 89 34 6.9283 118.6880
20 89 35 6.9646 118.9384
20 90 33 6.8858 118.1873
20 90 34 6.9216 118.4377
20 90 35 6.9577 118.6880
20 91 33 6.8793 117.9369
20 91 34 6.9149 118.1873
20 91 35 6.9509 118.4377
20 92 34 6.9083 118.1873
20 92 35 6.9442 118.4377
20 93 34 6.9019 117.9369
21 24 22 7.1348 129.9549
21 24 23 7.1827 130.4557
21 25 22 7.1208 129.4542
21 25 23 7.1682 129.9549
21 26 22 7.1070 129.2038
21 26 23 7.1540 129.7046
21 26 24 7.2019 130.2053
21 27 22 7.0936 128.7031
21 27 23 7.1402 129.2038
21 27 24 7.1875 129.7046
21 28 22 7.0805 128.4527
21 28 23 7.1266 128.9534
21 28 24 7.1735 129.4542
21 28 25 7.2212 129.9549
21 29 22 7.0676 128.2023
21 29 23 7.1133 128.4527
21 29 24 7.1597 128.9534
21 29 25 7.2070 129.4542
21 30 22 7.0550 127.7015
21 30 23 7.1003 128.2023
21 30 24 7.1463 128.7031
21 30 25 7.1931 129.2038
21 31 22 7.0427 127.4512
21 31 23 7.0875 127.9519
21 31 24 7.1331 128.2023
21 31 25 7.1795 128.7031
21 32 22 7.0305 127.2008
21 32 23 7.0750 127.4512
21 32 24 7.1203 127.9519
21 32 25 7.1662 128.4527
21 32 26 7.2129 128.9534
21 33 22 7.0187 126.7000
21 33 23 7.0628 127.2008
21 33 24 7.1076 127.7015
21 33 25 7.1531 128.2023
21 33 26 7.1994 128.4527
21 34 22 7.0071 126.4497
21 34 23 7.0508 126.9504
21 34 24 7.0952 127.4512
21 34 25 7.1404 127.7015
21 34 26 7.1862 128.2023
21 35 22 6.9957 126.1993
21 35 23 7.0391 126.7000
21 35 24 7.0831 126.9504
21 35 25 7.1279 127.4512
21 35 26 7.1733 127.9519
21 36 22 6.9845 125.9489
21 36 23 7.0275 126.4497
21 36 24 7.0712 126.7000
21 36 25 7.1156 127.2008
21 36 26 7.1607 127.4512
21 36 27 7.2064 127.9519
21 37 22 6.9735 125.6985
21 37 23 7.0162 125.9489
21 37 24 7.0596 126.4497
21 37 25 7.1036 126.9504
21 37 26 7.1483 127.2008
21 37 27 7.1937 127.7015
21 38 22 6.9627 125.4482
21 38 23 7.0051 125.6985
21 38 24 7.0481 126.1993
21 38 25 7.0918 126.4497
21 38 26 7.1361 126.9504
21 38 27 7.1811 127.4512
21 39 22 6.9521 125.1978
21 39 23 6.9942 125.4482
21 39 24 7.0369 125.9489
21 39 25 7.0802 126.1993
21 39 26 7.1242 126.7000
21 39 27 7.1688 126.9504
21 40 22 6.9417 124.6970
21 40 23 6.9835 125.1978
21 40 24 7.0258 125.6985
21 40 25 7.0689 125.9489
21 40 26 7.1125 126.4497
21 40 27 7.1567 126.7000
21 40 28 7.2017 127.2008
21 41 22 6.9315 124.4467
21 41 23 6.9730 124.9474
21 41 24 7.0150 125.1978
21 41 25 7.0577 125.6985
21 41 26 7.1010 126.1993
21 41 27 7.1449 126.4497
21 41 28 7.1895 126.9504
21 42 22 6.9215 124.1963
21 42 23 6.9627 124.6970
21 42 24 7.0044 124.9474
21 42 25 7.0467 125.4482
21 42 26 7.0897 125.6985
21 42 27 7.1333 126.1993
21 42 28 7.1775 126.7000
21 43 22 6.9116 123.9459
21 43 23 6.9525 124.4467
21 43 24 6.9939 124.6970
21 43 25 7.0360 125.1978
21 43 26 7.0786 125.4482
21 43 27 7.1219 125.9489
21 43 28 7.1658 126.1993
21 44 22 6.9019 123.6955
21 44 23 6.9425 124.1963
21 44 24 6.9837 124.4467
21 44 25 7.0254 124.9474
21 44 26 7.0678 125.1978
21 44 27 7.1107 125.6985
21 44 28 7.1542 125.9489
21 45 23 6.9327 123.9459
21 45 24 6.9736 124.1963
21 45 25 7.0150 124.6970
21 45 26 7.0571 124.9474
21 45 27 7.0997 125.4482
21 45 28 7.1429 125.6985
21 46 23 6.9231 123.6955
21 46 24 6.9637 123.9459
21 46 25 7.0048 124.4467
21 46 26 7.0466 124.6970
21 46 27 7.0889 125.1978
21 46 28 7.1318 125.4482
21 46 29 7.1753 125.9489
21 47 23 6.9136 123.4452
21 47 24 6.9539 123.6955
21 47 25 6.9948 124.1963
21 47 26 7.0363 124.4467
21 47 27 7.0783 124.9474
21 47 28 7.1209 125.1978
21 47 29 7.1641 125.6985
21 48 23 6.9043 123.1948
21 48 24 6.9443 123.4452
21 48 25 6.9850 123.9459
21 48 26 7.0261 124.1963
21 48 27 7.0678 124.6970
21 48 28 7.1102 124.9474
21 48 29 7.1530 125.1978
21 49 23 6.8951 122.9444
21 49 24 6.9349 123.1948
21 49 25 6.9753 123.6955
21 49 26 7.0162 123.9459
21 49 27 7.0576 124.4467
21 49 28 7.0996 124.6970
21 49 29 7.1422 124.9474
21 50 23 6.8861 122.6940
21 50 24 6.9256 122.9444
21 50 25 6.9657 123.4452
21 50 26 7.0063 123.6955
21 50 27 7.0475 124.1963
21 50 28 7.0892 124.4467
21 50 29 7.1315 124.6970
21 51 23 6.8772 122.4437
21 51 24 6.9165 122.9444
21 51 25 6.9563 123.1948
21 51 26 6.9967 123.4452
21 51 27 7.0376 123.9459
21 51 28 7.0790 124.1963
21 51 29 7.1210 124.4467
21 52 23 6.8684 122.1933
21 52 24 6.9075 122.6940
21 52 25 6.9471 122.9444
21 52 26 6.9872 123.1948
21 52 27 7.0278 123.6955
21 52 28 7.0690 123.9459
21 52 29 7.1107 124.1963
21 52 30 7.1530 124.6970
21 53 23 6.8598 121.9429
21 53 24 6.8987 122.4437
21 53 25 6.9380 122.6940
21 53 26 6.9779 122.9444
21 53 27 7.0182 123.4452
21 53 28 7.0592 123.6955
21 53 29 7.1006 123.9459
21 53 30 7.1426 124.4467
21 54 24 6.8900 122.1933
21 54 25 6.9291 122.4437
21 54 26 6.9687 122.6940
21 54 27 7.0088 123.1948
21 54 28 7.0494 123.4452
21 54 29 7.0906 123.9459
21 54 30 7.1324 124.1963
21 55 24 6.8814 121.9429
21 55 25 6.9203 122.1933
21 55 26 6.9596 122.6940
21 55 27 6.9995 122.9444
21 55 28 7.0399 123.1948
21 55 29 7.0808 123.6955
21 55 30 7.1223 123.9459
21 56 24 6.8730 121.6925
21 56 25 6.9116 121.9429
21 56 26 6.9507 122.4437
21 56 27 6.9904 122.6940
21 56 28 7.0305 122.9444
21 56 29 7.0712 123.4452
21 56 30 7.1124 123.6955
21 57 24 6.8646 121.4422
21 57 25 6.9031 121.9429
21 57 26 6.9420 122.1933
21 57 27 6.9814 122.4437
21 57 28 7.0212 122.6940
21 57 29 7.0617 123.1948
21 57 30 7.1026 123.4452
21 58 24 6.8565 121.4422
21 58 25 6.8947 121.6925
21 58 26 6.9333 121.9429
21 58 27 6.9725 122.1933
21 58 28 7.0121 122.6940
21 58 29 7.0523 122.9444
21 58 30 7.0930 123.1948
21 59 24 6.8484 121.1918
21 59 25 6.8864 121.4422
21 59 26 6.9248 121.6925
21 59 27 6.9638 121.9429
21 59 28 7.0032 122.4437
21 59 29 7.0431 122.6940
21 59 30 7.0835 122.9444
21 59 31 7.1245 123.4452
21 60 24 6.8404 120.9414
21 60 25 6.8782 121.1918
21 60 26 6.9165 121.4422
21 60 27 6.9552 121.9429
21 60 28 6.9944 122.1933
21 60 29 7.0340 122.4437
21 60 30 7.0742 122.6940
21 60 31 7.1149 123.1948
21 61 25 6.8702 120.9414
21 61 26 6.9082 121.4422
21 61 27 6.9467 121.6925
21 61 28 6.9857 121.9429
21 61 29 7.0251 122.1933
21 61 30 7.0650 122.6940
21 61 31 7.1055 122.9444
21 62 25 6.8622 120.9414
21 62 26 6.9001 121.1918
21 62 27 6.9384 121.4422
21 62 28 6.9771 121.6925
21 62 29 7.0163 121.9429
21 62 30 7.0560 122.4437
21 62 31 7.0962 122.6940
21 63 25 6.8544 120.6910
21 63 26 6.8921 120.9414
21 63 27 6.9301 121.1918
21 63 28 6.9687 121.4422
21 63 29 7.0077 121.9429
21 63 30 7.0471 122.1933
21 63 31 7.0871 122.4437
21 64 25 6.8468 120.4407
21 64 26 6.8842 120.6910
21 64 27 6.9220 120.9414
21 64 28 6.9603 121.4422
21 64 29 6.9991 121.6925
21 64 30 7.0384 121.9429
21 64 31 7.0781 122.1933
21 65 25 6.8392 120.1903
21 65 26 6.8764 120.4407
21 65 27 6.9140 120.9414
21 65 28 6.9521 121.1918
21 65 29 6.9907 121.4422
21 65 30 7.0298 121.6925
21 65 31 7.0693 121.9429
21 66 25 6.8317 120.1903
21 66 26 6.8687 120.4407
21 66 27 6.9062 120.6910
21 66 28 6.9441 120.9414
21 66 29 6.9824 121.1918
21 66 30 7.0212 121.4422
21 66 31 7.0605 121.9429
21 67 26 6.8611 120.1903
21 67 27 6.8984 120.4407
21 67 28 6.9361 120.6910
21 67 29 6.9743 120.9414
21 67 30 7.0129 121.4422
21 67 31 7.0520 121.6925
21 68 26 6.8537 119.9399
21 68 27 6.8907 120.1903
21 68 28 6.9282 120.4407
21 68 29 6.9662 120.9414
21 68 30 7.0046 121.1918
21 68 31 7.0435 121.4422
21 68 32 7.0828 121.6925
21 69 26 6.8463 119.6895
21 69 27 6.8832 120.1903
21 69 28 6.9205 120.4407
21 69 29 6.9583 120.6910
21 69 30 6.9965 120.9414
21 69 31 7.0351 121.1918
21 69 32 7.0742 121.4422
21 70 26 6.8390 119.6895
21 70 27 6.8758 119.9399
21 70 28 6.9129 120.1903
21 70 29 6.9504 120.4407
21 70 30 6.9884 120.6910
21 70 31 7.0269 120.9414
21 70 32 7.0658 121.4422
21 71 26 6.8319 119.4392
21 71 27 6.8684 119.6895
21 71 28 6.9054 119.9399
21 71 29 6.9427 120.1903
21 71 30 6.9805 120.6910
21 71 31 7.0188 120.9414
21 71 32 7.0575 121.1918
21 72 27 6.8611 119.4392
21 72 28 6.8979 119.9399
21 72 29 6.9351 120.1903
21 72 30 6.9727 120.4407
21 72 31 7.0108 120.6910
21 72 32 7.0493 120.9414
21 73 27 6.8540 119.4392
21 73 28 6.8906 119.6895
21 73 29 6.9276 119.9399
21 73 30 6.9650 120.1903
21 73 31 7.0029 120.4407
21 73 32 7.0412 120.6910
21 74 27 6.8470 119.1888
21 74 28 6.8834 119.4392
21 74 29 6.9202 119.6895
21 74 30 6.9574 119.9399
21 74 31 6.9951 120.1903
21 74 32 7.0332 120.6910
21 75 27 6.8400 118.9384
21 75 28 6.8762 119.1888
21 75 29 6.9129 119.6895
21 75 30 6.9499 119.9399
21 75 31 6.9874 120.1903
21 75 32 7.0253 120.4407
21 76 27 6.8331 118.9384
21 76 28 6.8692 119.1888
21 76 29 6.9057 119.4392
21 76 30 6.9425 119.6895
21 76 31 6.9798 119.9399
21 76 32 7.0176 120.1903
21 77 28 6.8623 118.9384
21 77 29 6.8985 119.1888
21 77 30 6.9352 119.4392
21 77 31 6.9724 119.6895
21 77 32 7.0099 119.9399
21 78 28 6.8554 118.6880
21 78 29 6.8915 119.1888
21 78 30 6.9280 119.4392
21 78 31 6.9650 119.6895
21 78 32 7.0023 119.9399
21 79 28 6.8486 118.6880
21 79 29 6.8846 118.9384
21 79 30 6.9209 119.1888
21 79 31 6.9577 119.4392
21 79 32 6.9949 119.6895
21 80 28 6.8419 118.4377
21 80 29 6.8777 118.6880
21 80 30 6.9139 118.9384
21 80 31 6.9505 119.1888
21 80 32 6.9875 119.4392
21 81 29 6.8710 118.6880
21 81 30 6.9070 118.9384
21 81 31 6.9434 119.1888
21 81 32 6.9803 119.4392
21 82 29 6.8643 118.4377
21 82 30 6.9002 118.6880
21 82 31 6.9364 118.9384
21 82 32 6.9731 119.1888
21 83 29 6.8577 118.1873
21 83 30 6.8934 118.4377
21 83 31 6.9295 118.6880
21 83 32 6.9660 118.9384
21 84 29 6.8512 118.1873
21 84 30 6.8868 118.4377
21 84 31 6.9227 118.6880
21 84 32 6.9590 118.9384
21 85 30 6.8802 118.1873
21 85 31 6.9160 118.4377
21 85 32 6.9521 118.6880
21 86 30 6.8737 117.9369
21 86 31 6.9093 118.1873
21 86 32 6.9453 118.4377
21 87 31 6.9027 118.1873
21 87 32 6.9386 118.4377
21 88 31 6.8962 117.9369
22 21 20 7.1526 129.9549
22 22 19 7.0915 129.2038
22 22 20 7.1384 129.7046
22 22 21 7.1862 130.2053
22 23 19 7.0781 128.7031
22 23 20 7.1246 129.2038
22 23 21 7.1718 129.7046
22 24 19 7.0650 128.4527
22 24 20 7.1110 128.9534
22 24 21 7.1578 129.4542
22 25 19 7.0522 127.9519
22 25 20 7.0978 128.4527
22 25 21 7.1441 128.9534
22 25 22 7.1913 129.4542
22 26 19 7.0396 127.7015
22 26 20 7.0848 128.2023
22 26 21 7.1307 128.7031
22 26 22 7.1774 129.2038
22 27 19 7.0273 127.4512
22 27 20 7.0721 127.9519
22 27 21 7.1176 128.2023
22 27 22 7.1638 128.7031
22 28 19 7.0153 127.2008
22 28 20 7.0597 127.4512
22 28 21 7.1047 127.9519
22 28 22 7.1506 128.4527
22 28 23 7.1971 128.9534
22 29 19 7.0035 126.7000
22 29 20 7.0475 127.2008
22 29 21 7.0922 127.7015
22 29 22 7.1376 128.2023
22 29 23 7.1837 128.4527
22 30 19 6.9919 126.4497
22 30 20 7.0355 126.9504
22 30 21 7.0798 127.2008
22 30 22 7.1248 127.7015
22 30 23 7.1706 128.2023
22 31 19 6.9806 126.1993
22 31 20 7.0238 126.7000
22 31 21 7.0678 126.9504
22 31 22 7.1124 127.4512
22 31 23 7.1577 127.9519
22 32 19 6.9694 125.9489
22 32 20 7.0123 126.1993
22 32 21 7.0559 126.7000
22 32 22 7.1002 127.2008
22 32 23 7.1451 127.4512
22 32 24 7.1907 127.9519
22 33 19 6.9585 125.6985
22 33 20 7.0011 125.9489
22 33 21 7.0443 126.4497
22 33 22 7.0882 126.7000
22 33 23 7.1327 127.2008
22 33 24 7.1780 127.7015
22 34 19 6.9478 125.1978
22 34 20 6.9900 125.6985
22 34 21 7.0329 126.1993
22 34 22 7.0764 126.4497
22 34 23 7.1206 126.9504
22 34 24 7.1655 127.4512
22 35 19 6.9373 124.9474
22 35 20 6.9792 125.4482
22 35 21 7.0217 125.6985
22 35 22 7.0649 126.1993
22 35 23 7.1088 126.7000
22 35 24 7.1532 126.9504
22 36 19 6.9269 124.6970
22 36 20 6.9686 125.1978
22 36 21 7.0108 125.4482
22 36 22 7.0536 125.9489
22 36 23 7.0971 126.4497
22 36 24 7.1412 126.7000
22 37 19 6.9168 124.4467
22 37 20 6.9581 124.9474
22 37 21 7.0000 125.1978
22 37 22 7.0425 125.6985
22 37 23 7.0857 125.9489
22 37 24 7.1295 126.4497
22 37 25 7.1739 126.9504
22 38 20 6.9478 124.6970
22 38 21 6.9894 124.9474
22 38 22 7.0316 125.4482
22 38 23 7.0745 125.6985
22 38 24 7.1179 126.1993
22 38 25 7.1620 126.4497
22 39 20 6.9378 124.4467
22 39 21 6.9791 124.6970
22 39 22 7.0209 125.1978
22 39 23 7.0635 125.4482
22 39 24 7.1066 125.9489
22 39 25 7.1503 126.1993
22 40 20 6.9278 124.1963
22 40 21 6.9689 124.4467
22 40 22 7.0104 124.6970
22 40 23 7.0526 125.1978
22 40 24 7.0954 125.6985
22 40 25 7.1388 125.9489
22 41 20 6.9181 123.9459
22 41 21 6.9589 124.1963
22 41 22 7.0001 124.4467
22 41 23 7.0420 124.9474
22 41 24 7.0845 125.1978
22 41 25 7.1276 125.6985
22 42 20 6.9085 123.6955
22 42 21 6.9490 123.9459
22 42 22 6.9900 124.1963
22 42 23 7.0316 124.6970
22 42 24 7.0737 124.9474
22 42 25 7.1165 125.4482
22 42 26 7.1599 125.6985
22 43 20 6.8991 123.4452
22 43 21 6.9393 123.6955
22 43 22 6.9800 123.9459
22 43 23 7.0213 124.4467
22 43 24 7.0632 124.6970
22 43 25 7.1057 125.1978
22 43 26 7.1487 125.4482
22 44 20 6.8899 123.1948
22 44 21 6.9298 123.4452
22 44 22 6.9702 123.6955
22 44 23 7.0113 124.1963
22 44 24 7.0528 124.4467
22 44 25 7.0950 124.9474
22 44 26 7.1377 125.1978
22 45 20 6.8808 122.9444
22 45 21 6.9204 123.1948
22 45 22 6.9606 123.4452
22 45 23 7.0014 123.9459
22 45 24 7.0426 124.1963
22 45 25 7.0845 124.6970
22 45 26 7.1269 124.9474
22 46 20 6.8718 122.6940
22 46 21 6.9112 122.9444
22 46 22 6.9511 123.1948
22 46 23 6.9916 123.6955
22 46 24 7.0326 123.9459
22 46 25 7.0742 124.4467
22 46 26 7.1163 124.6970
22 47 20 6.8630 122.4437
22 47 21 6.9022 122.6940
22 47 22 6.9418 123.1948
22 47 23 6.9821 123.4452
22 47 24 7.0228 123.6955
22 47 25 7.0641 124.1963
22 47 26 7.1059 124.4467
22 48 21 6.8933 122.4437
22 48 22 6.9327 122.9444
22 48 23 6.9726 123.1948
22 48 24 7.0131 123.4452
22 48 25 7.0541 123.9459
22 48 26 7.0957 124.1963
22 48 27 7.1378 124.6970
22 49 21 6.8845 122.1933
22 49 22 6.9237 122.6940
22 49 23 6.9634 122.9444
22 49 24 7.0036 123.1948
22 49 25 7.0443 123.6955
22 49 26 7.0856 123.9459
22 49 27 7.1275 124.4467
22 50 21 6.8759 121.9429
22 50 22 6.9148 122.4437
22 50 23 6.9543 122.6940
22 50 24 6.9942 122.9444
22 50 25 7.0347 123.4452
22 50 26 7.0757 123.6955
22 50 27 7.1173 124.1963
22 51 21 6.8674 121.9429
22 51 22 6.9061 122.1933
22 51 23 6.9453 122.4437
22 51 24 6.9850 122.9444
22 51 25 7.0252 123.1948
22 51 26 7.0660 123.4452
22 51 27 7.1073 123.9459
22 52 21 6.8590 121.6925
22 52 22 6.8975 121.9429
22 52 23 6.9364 122.1933
22 52 24 6.9759 122.6940
22 52 25 7.0159 122.9444
22 52 26 7.0564 123.1948
22 52 27 7.0974 123.6955
22 53 21 6.8508 121.4422
22 53 22 6.8890 121.6925
22 53 23 6.9277 121.9429
22 53 24 6.9670 122.4437
22 53 25 7.0067 122.6940
22 53 26 7.0470 122.9444
22 53 27 7.0877 123.4452
22 54 21 6.8427 121.1918
22 54 22 6.8807 121.4422
22 54 23 6.9192 121.9429
22 54 24 6.9582 122.1933
22 54 25 6.9977 122.4437
22 54 26 7.0377 122.6940
22 54 27 7.0782 123.1948
22 55 22 6.8725 121.4422
22 55 23 6.9108 121.6925
22 55 24 6.9495 121.9429
22 55 25 6.9888 122.1933
22 55 26 7.0285 122.6940
22 55 27 7.0688 122.9444
22 56 22 6.8644 121.1918
22 56 23 6.9025 121.4422
22 56 24 6.9410 121.6925
22 56 25 6.9800 121.9429
22 56 26 7.0196 122.4437
22 56 27 7.0596 122.6940
22 56 28 7.1001 122.9444
22 57 22 6.8564 120.9414
22 57 23 6.8943 121.1918
22 57 24 6.9326 121.4422
22 57 25 6.9714 121.9429
22 57 26 7.0107 122.1933
22 57 27 7.0505 122.4437
22 57 28 7.0908 122.6940
22 58 22 6.8486 120.6910
22 58 23 6.8862 120.9414
22 58 24 6.9243 121.4422
22 58 25 6.9629 121.6925
22 58 26 7.0020 121.9429
22 58 27 7.0415 122.1933
22 58 28 7.0816 122.6940
22 59 22 6.8408 120.4407
22 59 23 6.8783 120.9414
22 59 24 6.9162 121.1918
22 59 25 6.9546 121.4422
22 59 26 6.9934 121.6925
22 59 27 7.0327 121.9429
22 59 28 7.0725 122.4437
22 60 22 6.8332 120.4407
22 60 23 6.8705 120.6910
22 60 24 6.9082 120.9414
22 60 25 6.9463 121.1918
22 60 26 6.9849 121.4422
22 60 27 7.0240 121.9429
22 60 28 7.0636 122.1933
22 61 23 6.8628 120.4407
22 61 24 6.9003 120.6910
22 61 25 6.9382 120.9414
22 61 26 6.9766 121.4422
22 61 27 7.0155 121.6925
22 61 28 7.0548 121.9429
22 62 23 6.8552 120.1903
22 62 24 6.8925 120.4407
22 62 25 6.9302 120.9414
22 62 26 6.9684 121.1918
22 62 27 7.0071 121.4422
22 62 28 7.0462 121.6925
22 63 23 6.8477 119.9399
22 63 24 6.8848 120.4407
22 63 25 6.9223 120.6910
22 63 26 6.9603 120.9414
22 63 27 6.9987 121.1918
22 63 28 7.0377 121.4422
22 64 23 6.8403 119.9399
22 64 24 6.8772 120.1903
22 64 25 6.9145 120.4407
22 64 26 6.9523 120.6910
22 64 27 6.9906 120.9414
22 64 28 7.0292 121.4422
22 65 23 6.8330 119.6895
22 65 24 6.8697 119.9399
22 65 25 6.9069 120.1903
22 65 26 6.9444 120.4407
22 65 27 6.9825 120.9414
22 65 28 7.0210 121.1918
22 66 23 6.8258 119.4392
22 66 24 6.8623 119.6895
22 66 25 6.8993 120.1903
22 66 26 6.9367 120.4407
22 66 27 6.9745 120.6910
22 66 28 7.0128 120.9414
22 66 29 7.0516 121.1918
22 67 24 6.8551 119.6895
22 67 25 6.8919 119.9399
22 67 26 6.9291 120.1903
22 67 27 6.9667 120.4407
22 67 28 7.0048 120.6910
22 67 29 7.0433 120.9414
22 68 24 6.8479 119.4392
22 68 25 6.8845 119.6895
22 68 26 6.9215 119.9399
22 68 27 6.9590 120.1903
22 68 28 6.9968 120.4407
22 68 29 7.0352 120.9414
22 69 24 6.8408 119.1888
22 69 25 6.8772 119.4392
22 69 26 6.9141 119.6895
22 69 27 6.9513 120.1903
22 69 28 6.9890 120.4407
22 69 29 7.0272 120.6910
22 70 24 6.8338 119.1888
22 70 25 6.8701 119.4392
22 70 26 6.9068 119.6895
22 70 27 6.9438 119.9399
22 70 28 6.9813 120.1903
22 70 29 7.0193 120.4407
22 71 24 6.8270 118.9384
22 71 25 6.8630 119.1888
22 71 26 6.8995 119.4392
22 71 27 6.9364 119.6895
22 71 28 6.9737 119.9399
22 71 29 7.0115 120.1903
22 72 25 6.8561 118.9384
22 72 26 6.8924 119.1888
22 72 27 6.9291 119.4392
22 72 28 6.9662 119.9399
22 72 29 7.0038 120.1903
22 73 25 6.8492 118.9384
22 73 26 6.8853 119.1888
22 73 27 6.9219 119.4392
22 73 28 6.9588 119.6895
22 73 29 6.9962 119.9399
22 74 25 6.8424 118.6880
22 74 26 6.8784 118.9384
22 74 27 6.9148 119.1888
22 74 28 6.9515 119.4392
22 74 29 6.9887 119.6895
22 75 25 6.8357 118.4377
22 75 26 6.8715 118.6880
22 75 27 6.9077 118.9384
22 75 28 6.9443 119.1888
22 75 29 6.9813 119.6895
22 76 26 6.8648 118.6880
22 76 27 6.9008 118.9384
22 76 28 6.9372 119.1888
22 76 29 6.9740 119.4392
22 77 26 6.8581 118.4377
22 77 27 6.8939 118.6880
22 77 28 6.9302 118.9384
22 77 29 6.9669 119.1888
22 78 26 6.8515 118.1873
22 78 27 6.8872 118.4377
22 78 28 6.9232 118.6880
22 78 29 6.9597 119.1888
22 79 27 6.8805 118.4377
22 79 28 6.9164 118.6880
22 79 29 6.9528 118.9384
22 80 27 6.8739 118.1873
22 80 28 6.9097 118.4377
22 80 29 6.9458 118.6880
22 81 28 6.9030 118.4377
22 82 28 6.8964 118.1873
23 19 17 7.1084 129.2038
23 20 17 7.0948 128.9534
23 20 18 7.1415 129.4542
23 21 17 7.0816 128.4527
23 21 18 7.1279 128.9534
23 22 17 7.0687 128.2023
23 22 18 7.1145 128.7031
23 22 19 7.1610 129.2038
23 23 17 7.0560 127.7015
23 23 18 7.1014 128.2023
23 23 19 7.1475 128.7031
23 24 17 7.0436 127.4512
23 24 18 7.0886 127.9519
23 24 19 7.1343 128.4527
23 25 17 7.0315 127.2008
23 25 18 7.0761 127.7015
23 25 19 7.1213 127.9519
23 25 20 7.1674 128.4527
23 26 17 7.0196 126.9504
23 26 18 7.0638 127.2008
23 26 19 7.1087 127.7015
23 26 20 7.1543 128.2023
23 27 17 7.0080 126.4497
23 27 18 7.0518 126.9504
23 27 19 7.0962 127.4512
23 27 20 7.1414 127.9519
23 28 17 6.9965 126.1993
23 28 18 7.0400 126.7000
23 28 19 7.0841 127.2008
23 28 20 7.1289 127.4512
23 29 17 6.9853 125.9489
23 29 18 7.0284 126.4497
23 29 19 7.0722 126.7000
23 29 20 7.1166 127.2008
23 29 21 7.1617 127.7015
23 30 17 6.9744 125.6985
23 30 18 7.0171 125.9489
23 30 19 7.0605 126.4497
23 30 20 7.1045 126.9504
23 30 21 7.1492 127.2008
23 31 17 6.9636 125.4482
23 31 18 7.0060 125.6985
23 31 19 7.0490 126.1993
23 31 20 7.0927 126.7000
23 31 21 7.1371 126.9504
23 32 17 6.9530 124.9474
23 32 18 6.9951 125.4482
23 32 19 7.0378 125.9489
23 32 20 7.0811 126.1993
23 32 21 7.1251 126.7000
23 33 17 6.9426 124.6970
23 33 18 6.9844 125.1978
23 33 19 7.0267 125.6985
23 33 20 7.0697 125.9489
23 33 21 7.1134 126.4497
23 34 17 6.9324 124.4467
23 34 18 6.9739 124.9474
23 34 19 7.0159 125.1978
23 34 20 7.0586 125.6985
23 34 21 7.1019 126.1993
23 34 22 7.1458 126.4497
23 35 17 6.9224 124.1963
23 35 18 6.9636 124.6970
23 35 19 7.0053 124.9474
23 35 20 7.0476 125.4482
23 35 21 7.0906 125.6985
23 35 22 7.1342 126.1993
23 36 17 6.9126 123.9459
23 36 18 6.9534 124.4467
23 36 19 6.9949 124.6970
23 36 20 7.0369 125.1978
23 36 21 7.0795 125.4482
23 36 22 7.1228 125.9489
23 37 17 6.9029 123.6955
23 37 18 6.9435 124.1963
23 37 19 6.9846 124.4467
23 37 20 7.0263 124.9474
23 37 21 7.0686 125.1978
23 37 22 7.1116 125.6985
23 38 17 6.8934 123.4452
23 38 18 6.9337 123.9459
23 38 19 6.9745 124.1963
23 38 20 7.0160 124.6970
23 38 21 7.0580 124.9474
23 38 22 7.1006 125.4482
23 39 17 6.8841 123.1948
23 39 18 6.9241 123.6955
23 39 19 6.9647 123.9459
23 39 20 7.0058 124.4467
23 39 21 7.0475 124.6970
23 39 22 7.0898 125.1978
23 39 23 7.1327 125.4482
23 40 18 6.9146 123.4452
23 40 19 6.9549 123.6955
23 40 20 6.9958 124.1963
23 40 21 7.0372 124.4467
23 40 22 7.0792 124.6970
23 40 23 7.1218 125.1978
23 41 18 6.9054 123.1948
23 41 19 6.9454 123.4452
23 41 20 6.9859 123.9459
23 41 21 7.0271 124.1963
23 41 22 7.0688 124.4467
23 41 23 7.1111 124.9474
23 42 18 6.8962 122.9444
23 42 19 6.9360 123.1948
23 42 20 6.9763 123.6955
23 42 21 7.0171 123.9459
23 42 22 7.0585 124.1963
23 42 23 7.1005 124.6970
23 43 18 6.8872 122.6940
23 43 19 6.9267 122.9444
23 43 20 6.9668 123.4452
23 43 21 7.0074 123.6955
23 43 22 7.0485 123.9459
23 43 23 7.0902 124.4467
23 44 18 6.8784 122.4437
23 44 19 6.9177 122.6940
23 44 20 6.9574 123.1948
23 44 21 6.9977 123.4452
23 44 22 7.0386 123.6955
23 44 23 7.0800 124.1963
23 45 18 6.8697 122.1933
23 45 19 6.9087 122.4437
23 45 20 6.9482 122.9444
23 45 21 6.9883 123.1948
23 45 22 7.0289 123.4452
23 45 23 7.0700 123.9459
23 45 24 7.1117 124.1963
23 46 18 6.8612 121.9429
23 46 19 6.8999 122.1933
23 46 20 6.9392 122.6940
23 46 21 6.9790 122.9444
23 46 22 7.0193 123.1948
23 46 23 7.0602 123.6955
23 46 24 7.1016 123.9459
23 47 18 6.8527 121.6925
23 47 19 6.8913 122.1933
23 47 20 6.9303 122.4437
23 47 21 6.9699 122.6940
23 47 22 7.0099 123.1948
23 47 23 7.0505 123.4452
23 47 24 7.0916 123.6955
23 48 19 6.8827 121.9429
23 48 20 6.9216 122.1933
23 48 21 6.9608 122.4437
23 48 22 7.0007 122.9444
23 48 23 7.0410 123.1948
23 48 24 7.0819 123.4452
23 49 19 6.8744 121.6925
23 49 20 6.9129 121.9429
23 49 21 6.9520 122.1933
23 49 22 6.9916 122.6940
23 49 23 7.0316 122.9444
23 49 24 7.0722 123.1948
23 50 19 6.8661 121.4422
23 50 20 6.9045 121.6925
23 50 21 6.9433 121.9429
23 50 22 6.9826 122.4437
23 50 23 7.0224 122.6940
23 50 24 7.0628 122.9444
23 51 19 6.8580 121.1918
23 51 20 6.8961 121.4422
23 51 21 6.9347 121.9429
23 51 22 6.9738 122.1933
23 51 23 7.0134 122.4437
23 51 24 7.0535 122.9444
23 52 19 6.8500 120.9414
23 52 20 6.8879 121.4422
23 52 21 6.9263 121.6925
23 52 22 6.9651 121.9429
23 52 23 7.0045 122.1933
23 52 24 7.0443 122.6940
23 53 19 6.8421 120.6910
23 53 20 6.8798 121.1918
23 53 21 6.9179 121.4422
23 53 22 6.9566 121.6925
23 53 23 6.9957 121.9429
23 53 24 7.0353 122.4437
23 53 25 7.0754 122.6940
23 54 19 6.8343 120.6910
23 54 20 6.8718 120.9414
23 54 21 6.9097 121.1918
23 54 22 6.9481 121.4422
23 54 23 6.9870 121.9429
23 54 24 7.0264 122.1933
23 54 25 7.0663 122.4437
23 55 20 6.8639 120.6910
23 55 21 6.9017 120.9414
23 55 22 6.9398 121.4422
23 55 23 6.9785 121.6925
23 55 24 7.0177 121.9429
23 55 25 7.0573 122.1933
23 56 20 6.8562 120.4407
23 56 21 6.8937 120.6910
23 56 22 6.9317 121.1918
23 56 23 6.9701 121.4422
23 56 24 7.0091 121.6925
23 56 25 7.0485 121.9429
23 57 20 6.8485 120.4407
23 57 21 6.8859 120.6910
23 57 22 6.9237 120.9414
23 57 23 6.9619 121.1918
23 57 24 7.0006 121.4422
23 57 25 7.0398 121.9429
23 58 20 6.8410 120.1903
23 58 21 6.8782 120.4407
23 58 22 6.9157 120.6910
23 58 23 6.9537 120.9414
23 58 24 6.9922 121.4422
23 58 25 7.0312 121.6925
23 59 20 6.8336 119.9399
23 59 21 6.8706 120.1903
23 59 22 6.9079 120.4407
23 59 23 6.9457 120.9414
23 59 24 6.9840 121.1918
23 59 25 7.0228 121.4422
23 60 20 6.8263 119.6895
23 60 21 6.8630 119.9399
23 60 22 6.9002 120.4407
23 60 23 6.9378 120.6910
23 60 24 6.9759 120.9414
23 60 25 7.0144 121.1918
23 61 21 6.8556 119.9399
23 61 22 6.8926 120.1903
23 61 23 6.9301 120.4407
23 61 24 6.9679 120.6910
23 61 25 7.0062 120.9414
23 62 21 6.8484 119.6895
23 62 22 6.8852 119.9399
23 62 23 6.9224 120.1903
23 62 24 6.9600 120.4407
23 62 25 6.9981 120.9414
23 63 21 6.8412 119.4392
23 63 22 6.8778 119.6895
23 63 23 6.9148 119.9399
23 63 24 6.9523 120.4407
23 63 25 6.9902 120.6910
23 64 21 6.8341 119.1888
23 64 22 6.8705 119.6895
23 64 23 6.9073 119.9399
23 64 24 6.9446 120.1903
23 64 25 6.9823 120.4407
23 65 22 6.8633 119.4392
23 65 23 6.9000 119.6895
23 65 24 6.9371 119.9399
23 65 25 6.9746 120.1903
23 66 22 6.8562 119.1888
23 66 23 6.8927 119.4392
23 66 24 6.9296 119.6895
23 66 25 6.9669 120.1903
23 67 22 6.8492 118.9384
23 67 23 6.8856 119.4392
23 67 24 6.9223 119.6895
23 67 25 6.9594 119.9399
23 67 26 6.9970 120.1903
23 68 22 6.8424 118.9384
23 68 23 6.8785 119.1888
23 68 24 6.9151 119.4392
23 68 25 6.9520 119.6895
23 68 26 6.9894 119.9399
23 69 23 6.8715 118.9384
23 69 24 6.9079 119.1888
23 69 25 6.9447 119.4392
23 69 26 6.9819 119.6895
23 70 23 6.8646 118.9384
23 70 24 6.9008 119.1888
23 70 25 6.9375 119.4392
23 70 26 6.9745 119.6895
23 71 23 6.8579 118.6880
23 71 24 6.8939 118.9384
23 71 25 6.9303 119.1888
23 72 23 6.8512 118.4377
23 72 24 6.8870 118.6880
23 72 25 6.9233 118.9384
23 73 24 6.8803 118.6880
23 73 25 6.9163 118.9384
23 74 24 6.8736 118.4377
23 74 25 6.9095 118.6880
23 75 25 6.9027 118.4377
24 19 15 7.0846 128.2023
24 20 15 7.0718 127.9519
24 20 16 7.1174 128.4527
24 21 14 7.0149 127.2008
24 21 15 7.0593 127.7015
24 21 16 7.1045 127.9519
24 22 14 7.0031 126.7000
24 22 15 7.0471 127.2008
24 22 16 7.0918 127.7015
24 23 14 6.9915 126.4497
24 23 15 7.0351 126.9504
24 23 16 7.0795 127.4512
24 23 17 7.1245 127.7015
24 24 14 6.9801 126.1993
24 24 15 7.0234 126.7000
24 24 16 7.0674 126.9504
24 24 17 7.1120 127.4512
24 25 14 6.9690 125.9489
24 25 15 7.0119 126.1993
24 25 16 7.0555 126.7000
24 25 17 7.0998 127.2008
24 26 14 6.9580 125.6985
24 26 15 7.0006 125.9489
24 26 16 7.0439 126.4497
24 26 17 7.0878 126.9504
24 27 14 6.9473 125.1978
24 27 15 6.9896 125.6985
24 27 16 7.0325 126.1993
24 27 17 7.0760 126.4497
24 27 18 7.1202 126.9504
24 28 14 6.9368 124.9474
24 28 15 6.9787 125.4482
24 28 16 7.0213 125.6985
24 28 17 7.0645 126.1993
24 28 18 7.1083 126.7000
24 29 15 6.9681 125.1978
24 29 16 7.0103 125.4482
24 29 17 7.0532 125.9489
24 29 18 7.0966 126.4497
24 30 15 6.9577 124.9474
24 30 16 6.9996 125.1978
24 30 17 7.0421 125.6985
24 30 18 7.0852 125.9489
24 31 15 6.9474 124.4467
24 31 16 6.9890 124.9474
24 31 17 7.0312 125.4482
24 31 18 7.0740 125.6985
24 31 19 7.1174 126.1993
24 32 15 6.9374 124.1963
24 32 16 6.9786 124.6970
24 32 17 7.0205 124.9474
24 32 18 7.0630 125.4482
24 32 19 7.1061 125.9489
24 33 15 6.9275 123.9459
24 33 16 6.9685 124.4467
24 33 17 7.0100 124.6970
24 33 18 7.0522 125.1978
24 33 19 7.0949 125.6985
24 34 15 6.9178 123.6955
24 34 16 6.9585 124.1963
24 34 17 6.9997 124.4467
24 34 18 7.0416 124.9474
24 34 19 7.0840 125.1978
24 35 15 6.9083 123.4452
24 35 16 6.9487 123.9459
24 35 17 6.9896 124.1963
24 35 18 7.0312 124.6970
24 35 19 7.0733 124.9474
24 36 15 6.8989 123.1948
24 36 16 6.9390 123.6955
24 36 17 6.9797 123.9459
24 36 18 7.0209 124.4467
24 36 19 7.0628 124.6970
24 37 15 6.8897 122.9444
24 37 16 6.9295 123.4452
24 37 17 6.9699 123.6955
24 37 18 7.0109 124.1963
24 37 19 7.0524 124.4467
24 37 20 7.0945 124.9474
24 38 15 6.8806 122.6940
24 38 16 6.9202 123.1948
24 38 17 6.9603 123.4452
24 38 18 7.0010 123.9459
24 38 19 7.0423 124.1963
24 38 20 7.0841 124.6970
24 39 15 6.8717 122.4437
24 39 16 6.9110 122.9444
24 39 17 6.9509 123.1948
24 39 18 6.9913 123.6955
24 39 19 7.0323 123.9459
24 39 20 7.0738 124.4467
24 40 16 6.9020 122.6940
24 40 17 6.9416 122.9444
24 40 18 6.9818 123.4452
24 40 19 7.0225 123.6955
24 40 20 7.0637 124.1963
24 41 16 6.8932 122.4437
24 41 17 6.9325 122.6940
24 41 18 6.9724 123.1948
24 41 19 7.0128 123.4452
24 41 20 7.0538 123.9459
24 42 16 6.8845 122.1933
24 42 17 6.9236 122.4437
24 42 18 6.9632 122.9444
24 42 19 7.0033 123.1948
24 42 20 7.0440 123.6955
24 43 16 6.8759 121.9429
24 43 17 6.9147 122.1933
24 43 18 6.9541 122.6940
24 43 19 6.9940 122.9444
24 43 20 7.0344 123.4452
24 44 16 6.8674 121.6925
24 44 17 6.9060 122.1933
24 44 18 6.9452 122.4437
24 44 19 6.9848 122.6940
24 44 20 7.0250 123.1948
24 44 21 7.0657 123.4452
24 45 16 6.8591 121.4422
24 45 17 6.8975 121.9429
24 45 18 6.9364 122.1933
24 45 19 6.9758 122.4437
24 45 20 7.0157 122.9444
24 45 21 7.0561 123.1948
24 46 16 6.8509 121.1918
24 46 17 6.8891 121.6925
24 46 18 6.9278 121.9429
24 46 19 6.9669 122.1933
24 46 20 7.0066 122.6940
24 46 21 7.0468 122.9444
24 47 17 6.8808 121.4422
24 47 18 6.9193 121.6925
24 47 19 6.9582 122.1933
24 47 20 6.9976 122.4437
24 47 21 7.0375 122.6940
24 48 17 6.8727 121.1918
24 48 18 6.9109 121.4422
24 48 19 6.9496 121.9429
24 48 20 6.9888 122.1933
24 48 21 7.0284 122.4437
24 49 17 6.8647 120.9414
24 49 18 6.9026 121.1918
24 49 19 6.9411 121.6925
24 49 20 6.9801 121.9429
24 49 21 7.0195 122.1933
24 50 17 6.8568 120.6910
24 50 18 6.8945 121.1918
24 50 19 6.9328 121.4422
24 50 20 6.9715 121.6925
24 50 21 7.0107 121.9429
24 51 17 6.8490 120.6910
24 51 18 6.8866 120.9414
24 51 19 6.9246 121.1918
24 51 20 6.9630 121.4422
24 51 21 7.0020 121.9429
24 52 17 6.8413 120.4407
24 52 18 6.8787 120.6910
24 52 19 6.9165 120.9414
24 52 20 6.9547 121.4422
24 52 21 6.9935 121.6925
24 53 18 6.8709 120.4407
24 53 19 6.9085 120.6910
24 53 20 6.9466 121.1918
24 53 21 6.9851 121.4422
24 53 22 7.0241 121.6925
24 54 18 6.8633 120.1903
24 54 19 6.9007 120.6910
24 54 20 6.9385 120.9414
24 54 21 6.9768 121.1918
24 54 22 7.0156 121.4422
24 55 18 6.8557 120.1903
24 55 19 6.8929 120.4407
24 55 20 6.9306 120.6910
24 55 21 6.9687 120.9414
24 55 22 7.0072 121.4422
24 56 18 6.8483 119.9399
24 56 19 6.8853 120.1903
24 56 20 6.9228 120.4407
24 56 21 6.9606 120.6910
24 56 22 6.9990 121.1918
24 57 18 6.8410 119.6895
24 57 19 6.8778 119.9399
24 57 20 6.9150 120.4407
24 57 21 6.9527 120.6910
24 57 22 6.9909 120.9414
24 58 19 6.8704 119.9399
24 58 20 6.9075 120.1903
24 58 21 6.9449 120.4407
24 58 22 6.9829 120.6910
24 59 19 6.8631 119.6895
24 59 20 6.9000 119.9399
24 59 21 6.9373 120.1903
24 59 22 6.9750 120.4407
24 60 19 6.8559 119.4392
24 60 20 6.8926 119.6895
24 60 21 6.9297 119.9399
24 60 22 6.9672 120.4407
24 61 19 6.8488 119.1888
24 61 20 6.8853 119.6895
24 61 21 6.9222 119.9399
24 61 22 6.9596 120.1903
24 62 20 6.8781 119.4392
24 62 21 6.9148 119.6895
24 62 22 6.9520 119.9399
24 63 20 6.8710 119.1888
24 63 21 6.9076 119.4392
24 63 22 6.9445 119.6895
24 64 20 6.8641 118.9384
24 64 21 6.9004 119.1888
24 64 22 6.9372 119.6895
24 65 21 6.8934 119.1888
24 65 22 6.9300 119.4392
24 66 21 6.8864 118.9384
24 66 22 6.9228 119.1888
25 21 13 7.0382 126.7000
25 22 13 7.0267 126.4497
25 23 13 7.0153 125.9489
25 23 14 7.0587 126.4497
25 24 13 7.0042 125.6985
25 24 14 7.0472 126.1993
25 25 13 6.9933 125.4482
25 25 14 7.0360 125.9489
25 26 13 6.9826 125.1978
25 26 14 7.0249 125.6985
25 26 15 7.0679 125.9489
25 27 13 6.9721 124.9474
25 27 14 7.0141 125.1978
25 27 15 7.0568 125.6985
25 28 13 6.9618 124.6970
25 28 14 7.0035 124.9474
25 28 15 7.0459 125.4482
25 29 13 6.9517 124.4467
25 29 14 6.9931 124.6970
25 29 15 7.0351 125.1978
25 30 13 6.9418 123.9459
25 30 14 6.9829 124.4467
25 30 15 7.0246 124.9474
25 31 13 6.9321 123.6955
25 31 14 6.9729 124.1963
25 31 15 7.0142 124.4467
25 31 16 7.0562 124.9474
25 32 13 6.9225 123.4452
25 32 14 6.9630 123.9459
25 32 15 7.0041 124.1963
25 32 16 7.0457 124.6970
25 33 13 6.9131 123.1948
25 33 14 6.9533 123.6955
25 33 15 6.9941 123.9459
25 33 16 7.0355 124.4467
25 34 13 6.9038 122.9444
25 34 14 6.9438 123.4452
25 34 15 6.9843 123.6955
25 34 16 7.0254 124.1963
25 35 13 6.8948 122.6940
25 35 14 6.9345 123.1948
25 35 15 6.9747 123.4452
25 35 16 7.0155 123.9459
25 36 13 6.8858 122.4437
25 36 14 6.9253 122.9444
25 36 15 6.9652 123.1948
25 36 16 7.0057 123.6955
25 36 17 7.0468 123.9459
25 37 14 6.9162 122.6940
25 37 15 6.9559 122.9444
25 37 16 6.9962 123.4452
25 37 17 7.0369 123.6955
25 38 14 6.9073 122.4437
25 38 15 6.9468 122.6940
25 38 16 6.9867 123.1948
25 38 17 7.0273 123.4452
25 39 14 6.8986 122.1933
25 39 15 6.9378 122.4437
25 39 16 6.9775 122.9444
25 39 17 7.0177 123.1948
25 40 14 6.8900 121.9429
25 40 15 6.9289 122.1933
25 40 16 6.9684 122.6940
25 40 17 7.0084 122.9444
25 41 14 6.8815 121.6925
25 41 15 6.9202 122.1933
25 41 16 6.9595 122.4437
25 41 17 6.9992 122.6940
25 42 14 6.8732 121.4422
25 42 15 6.9117 121.9429
25 42 16 6.9507 122.1933
25 42 17 6.9901 122.4437
25 43 14 6.8650 121.1918
25 43 15 6.9033 121.6925
25 43 16 6.9420 121.9429
25 43 17 6.9812 122.1933
25 44 15 6.8950 121.4422
25 44 16 6.9335 121.6925
25 44 17 6.9725 122.1933
25 45 15 6.8868 121.1918
25 45 16 6.9251 121.4422
25 45 17 6.9638 121.9429
25 45 18 7.0031 122.1933
25 46 15 6.8788 120.9414
25 46 16 6.9168 121.1918
25 46 17 6.9554 121.6925
25 46 18 6.9944 121.9429
25 47 15 6.8709 120.6910
25 47 16 6.9087 121.1918
25 47 17 6.9470 121.4422
25 47 18 6.9858 121.6925
25 48 15 6.8631 120.6910
25 48 16 6.9007 120.9414
25 48 17 6.9388 121.1918
25 48 18 6.9773 121.4422
25 49 16 6.8928 120.6910
25 49 17 6.9307 120.9414
25 49 18 6.9690 121.1918
25 50 16 6.8850 120.4407
25 50 17 6.9227 120.6910
25 50 18 6.9608 121.1918
25 51 16 6.8774 120.1903
25 51 17 6.9148 120.6910
25 51 18 6.9528 120.9414
25 52 16 6.8698 120.1903
25 52 17 6.9071 120.4407
25 52 18 6.9448 120.6910
25 53 17 6.8995 120.1903
25 53 18 6.9370 120.4407
25 54 17 6.8920 119.9399
25 54 18 6.9293 120.1903
25 55 17 6.8845 119.9399
25 55 18 6.9217 120.1903
25 56 18 6.9142 119.9399
26 31 12 6.9575 123.4452
26 32 12 6.9481 123.1948
26 33 12 6.9389 122.9444
26 37 13 6.9425 122.4437
